lambdas = [0.3333333333333333, 0.3333333333333333, 0.3333333333333333]
nytimes
[12.22632821612132, 11.51858950516417, 11.145620785550184, 12.30420956705738, 13.97761896184441, 12.26194618415351, 15.845342359596945, 16.395883106671416, 17.56885473839405, 12.272558890610709, 12.576266660701862, 11.987098212688835, 15.479410433424334, 14.17370201020421, 11.146382861203483, 12.861130554194302, 11.309528779985744, 10.99955249210193, 12.422142813106271, 14.054209847660823]

shakespeare
[30.3869014008627, 11.098497164605499, 10.310397253536886, 9.546311573858159, 9.619895517016074, 9.054320332396463, 13.009932714608672, 10.773241796130563, 10.47988427830137, 9.427809436723436, 9.942517333764407, 9.671464826592324, 11.938508132692064, 11.412122562243972, 8.296014805674288, 43.85649505506701, 9.919093062964448, 11.757082167585095, 10.949747537772046, 10.355874411382912, 9.731031554171404, 9.32156231451413, 10.252320703960676, 10.46876673203025, 11.655753816893748, 10.18430259579277, 10.207029811523938, 10.813354805932246, 8.950856867791286, 10.072454920419519, 28.321764096742687, 9.604966808607463, 7.9101147500986935, 10.822762409096692, 9.77543425878352, 10.235295492611266, 10.701519208207495, 8.866652790098952, 12.702411484062875, 8.388408613852235, 11.041643126525246, 9.100030230701538, 10.292293662177899, 9.341072857416625, 9.3609214618766, 52.598204479381536, 10.986971625945005, 12.7321986902145, 9.982328006919579, 9.572657839846169, 11.644955057920239, 9.676540161060514, 11.627447234532088, 10.935670963406105, 9.856412654274692, 9.774266124254966, 9.250572827551634, 11.240350496410452, 10.668809011521045, 11.3811577722557, 33.82996879211152, 9.72479603282794, 10.627882254284405, 9.295199122264473, 10.700749075193803, 12.108382550224563, 9.455275566196072, 11.666746435441754, 12.030636272451355, 10.875898575321912, 11.989844357953693, 12.859529614630413, 10.43366145678849, 9.434429673396185, 10.474844441112255, 17.78811597543789, 10.112614571327308, 9.436784431553797, 10.571985724911825, 11.681469506071421, 10.638442893582122, 9.011380823228833, 7.6893315685666, 10.40409809764219, 9.27997304304158, 10.269281725609586, 9.165200075323911, 10.254268496821705, 10.091624138929467, 9.354827714875418, 22.243597266715714, 9.728931968106874, 12.147329665508213, 10.791047756915843, 11.466445809360543, 11.449473660780761, 11.175083284393729, 11.192411003349493, 13.074340085654184, 10.706829188125992, 10.192014382841835, 11.718930845602422, 8.881841991773133, 10.591557458451211, 11.091010227647406, 17.957253235000067, 11.43893012727553, 11.385707913277166, 10.273089228773342, 12.172966161503457, 10.484959087873635, 10.396274636930531, 10.583055691294234, 9.092748107597844, 9.615831060059294, 13.168187079265325, 9.880597283358915, 9.764611803328918, 10.897504149201577, 10.012722747072594, 48.56881660075167, 10.826878997858884, 10.138157037921783, 12.052562781344367, 9.274738693178259, 8.80797230403569, 8.78790220214145, 11.697156902604666, 11.305214110042751, 10.463633369247859, 10.193103117952207, 9.01952698768806, 11.385778263603324, 10.142400349854176, 11.451777576788976, 30.350413152131743, 9.025901749312828, 10.866618059064644, 10.046988762012068, 9.179926599169006, 9.708413194463198, 9.476020038276364, 12.035517782092992, 9.864699445525227, 8.951650618570678, 10.366646753267103, 9.541768753942234, 11.028867554133699, 7.7085859967481305, 8.657476311287892, 25.82927549793541, 9.895858392829162, 8.954163298247769, 9.411822492407593, 9.181084013178554, 11.538840153272078, 9.4210956844311, 9.428808941156555, 8.974499097935098, 9.076503679018389, 12.946997693523047, 9.907087261420653, 10.833216780071151, 10.162290012010885, 9.60205180355565, 33.31645312714238, 8.455517664703386, 9.532373081766066, 10.236208198616659, 11.483117790538632, 11.198672772937579, 10.057999042378475, 10.871167361166412, 9.649025106839131, 9.779467382466173, 8.482793349988704, 11.035885211636629, 9.632756508290377, 11.482409137178797, 8.745163819621204, 24.808636547473593, 8.207654187865858, 8.14777119088992, 8.300322031170326, 8.711880523987636, 9.196267482807063, 9.920954137407088, 10.649368278329389, 9.616791083324639, 10.630005859365808, 10.789597679619193, 10.489757226997854, 12.440692215501375, 11.457335932665055, 9.11935850777172, 35.79142449814874, 11.170834838370858, 10.285750792490706, 9.220698599814972, 12.678557235411487, 11.073511408292346, 9.247266515382481, 9.757858786313866, 10.222843417945466, 10.059583361882833, 9.66077232094259, 10.667174191186268, 11.31253327960522, 11.156437358395173, 11.932772686895062, 48.36780653947395, 9.211715548844866, 10.727866031460355, 9.865037378969085, 11.094231461105528, 10.066844309677945, 11.458127496618129, 10.634197131080978, 9.41674480089001, 8.780712939280837, 9.01429944580507, 12.9910222886263, 8.853233735965127, 8.444899568841475, 10.535525006153978]

lambdas = [0.625, 0.3125, 0.0625]
nytimes
[10.654571409461285, 9.849896228425733, 9.434243016896213, 10.42661400868928, 12.014409469598682, 10.404554494142848, 13.523117360891302, 13.57809968803051, 15.46783815639959, 10.651538245117427, 10.848019754471522, 9.994879109120228, 13.980959410589188, 11.794861450425543, 9.43694064158179, 10.846283919503025, 9.655639044873336, 9.262305777734895, 10.564149035099403, 12.498606158763046]

shakespeare
[31.02817698681987, 9.229245502616434, 8.34621066447404, 7.82594749003202, 7.8918801302191275, 7.153128032895747, 10.5577515626674, 8.92384547468299, 8.60427682797603, 7.687826227345267, 8.209008980995593, 7.966468413327624, 10.36242099689849, 10.203181287308167, 6.685665059698714, 46.00468371043788, 8.08535351526631, 9.941801301833003, 8.961953028921888, 8.888503308283287, 7.805112432038484, 7.773002854040318, 8.434589276455236, 8.593643782002207, 9.48239495488009, 8.166430886102047, 8.038317257766376, 8.465550625861155, 7.422724383667362, 8.424567879997696, 25.32964446720186, 7.85935778905907, 6.145557976153011, 9.26387425127394, 7.7568580729893135, 8.343984220304769, 8.884875601184588, 7.253291492393999, 10.554948829738434, 6.7510211726511855, 9.06387819887325, 7.538072167672456, 8.42907925213189, 7.591384154057345, 8.01450896389026, 49.22959496270166, 8.955188924402577, 10.286388542884788, 7.931482755092158, 7.931006678002112, 9.934921999230136, 7.974868622865644, 10.157833291269814, 8.812192841497145, 7.92612980734164, 7.8202187665569625, 7.646232225846895, 9.131867878205881, 9.219910874526516, 9.961284195151293, 34.521131457575756, 7.771562168654289, 8.928197314746287, 7.523129597703333, 8.593572230228014, 10.041227031568557, 7.855453211582922, 9.843717587099873, 10.28107466894515, 8.889669207605474, 9.970429150245053, 10.88381098423962, 8.750891703907147, 7.710982491295177, 8.649539563240086, 16.80293266256519, 8.150825943554045, 7.770726714907526, 8.410258096451487, 9.547100706420514, 8.685012752437084, 7.229445300624369, 5.969849082667675, 8.750006616290117, 7.628428151076925, 8.867166345185439, 7.267070587921084, 8.210986953429483, 8.040123659952053, 7.5486834307196355, 21.167204399574814, 7.8336891631344, 10.404480855433603, 8.432658801027982, 9.382505578050706, 9.296079840211783, 9.307620091791408, 9.385768402844985, 11.239946235013262, 8.71088973121105, 8.573648804677743, 10.183629078326431, 6.80438186146456, 9.344628173199627, 9.15951267261308, 15.337439001304075, 9.484875030360232, 9.049627107900134, 8.408325516805915, 10.73333544160564, 8.376522235953237, 8.676556106829858, 8.768292500529425, 7.464047844580192, 7.56271755099883, 11.441579466512726, 7.981154412859867, 8.094997425007824, 9.125288343678786, 8.030771673098132, 35.78250266436735, 9.238105540965678, 8.024603695891784, 10.290184966185747, 7.427723529175462, 6.971482970181369, 7.278815111354264, 9.896645398907145, 9.407556462554052, 8.556398550666044, 8.067532334462536, 7.372631278554479, 9.624548487538403, 8.788859070471254, 9.528619684146515, 29.852227696842093, 7.193810607217779, 8.818768503270093, 8.170411295805925, 7.514435962491684, 7.954931826543316, 7.292415936664405, 10.959931658695295, 8.003314894901822, 7.1143582326976125, 8.464943789783316, 7.637678092587856, 8.891893235736331, 6.144338336857097, 7.147237573332247, 21.768926512773575, 8.044534912860934, 7.040083474309556, 7.4871917038857845, 7.4546869375314975, 9.928169422554644, 7.4926568124709405, 7.84053506756916, 7.275265191252268, 7.472806744439454, 11.575154654781986, 8.108480327896364, 9.13862405644777, 8.80198636820336, 7.895347856402894, 31.51230739460967, 6.822735581178544, 7.783950720663015, 8.335440354713723, 9.8805368024777, 9.890634428714616, 8.51984518283183, 8.815509464030981, 8.183599996601497, 7.697149932388961, 6.735884808162238, 9.200924387756155, 7.97447172993051, 9.570074248072853, 7.133442043240964, 21.086582969763107, 6.200802320435321, 6.469058121903578, 6.293871445172342, 6.882391693935222, 7.324523624961756, 8.420856710002784, 8.297226341684839, 7.880014429230007, 8.875720678748692, 8.703639032843643, 8.602701289856771, 11.260853089211215, 9.222516796311805, 7.3714633618258665, 32.386641652090404, 8.71615408060056, 8.648166999402946, 7.407500558080128, 10.488247873283303, 9.280295639138249, 7.640886124800107, 7.750122249750761, 8.6827917393272, 8.013968260578913, 7.888130285188913, 8.799659409248068, 9.415389546905887, 9.963248406139813, 10.35992371487177, 43.964863257463456, 7.329093193138573, 8.539163984471564, 8.132820888003327, 9.476761793014509, 8.29486389226773, 9.773768674979362, 8.974522217485063, 7.757659964605119, 7.077301801442734, 7.169404794742359, 11.594234210762279, 7.058239229259357, 6.797444791660381, 8.912634567239868]

lambdas = [0.0625, 0.3125, 0.625]
nytimes
[15.460324178486676, 15.39183120450823, 14.907422936689322, 16.604661368330653, 18.507358256186947, 16.543437056273117, 21.474899620056476, 23.7046679393311, 22.92880830392721, 15.872431040161572, 16.498078958231204, 16.140464111537508, 19.62445858968804, 19.955982915333163, 14.862350590758151, 17.453578225469155, 14.992142734798936, 14.68072909421622, 16.5638955923371, 17.731363723024693]

shakespeare
[33.06906194536189, 14.598633073790639, 14.471093416210374, 13.116058414818903, 13.403873441280249, 13.31269497267621, 18.340964133096655, 14.702886266643231, 14.296545481020186, 13.127434205855023, 13.8892755900364, 13.100584584323848, 15.582305260706637, 14.346138164972642, 12.058967882634297, 46.79189361685908, 13.716173082097638, 15.434616762248071, 15.660540508806692, 13.983139988840602, 13.51966976587859, 12.845946736858531, 14.123639430183356, 14.393332735639532, 16.21978626714142, 14.492728620239307, 15.43971971554274, 15.84503308236975, 12.171051366406976, 13.549259232061996, 41.93640270401221, 13.360598038242479, 11.843807779283127, 14.229965229962449, 13.963837851147856, 14.030893380613778, 15.086101369411262, 12.225232071909875, 17.82337444964598, 11.657525111578398, 15.737029702150629, 12.412734556332516, 14.435634861573531, 13.701782264290172, 12.38529801173836, 68.33130444362456, 15.274225548801278, 17.914441187909482, 14.523646769461452, 12.718554899670107, 15.296121134063876, 13.456985106435734, 15.042830679332111, 15.389221118748656, 14.253002823758301, 13.869981014062828, 12.381355817872805, 15.528957558975838, 14.028499090209253, 15.553505393541009, 38.34163212024451, 13.691313695744231, 14.777899507740955, 12.993315413309073, 15.63495891004684, 16.084333050190597, 13.040045901616468, 15.55770113770637, 15.981814558248141, 14.89635836207895, 16.403562635615273, 16.79880045565003, 14.015133288472525, 13.406685881979664, 14.54059519513463, 21.005846573417124, 14.242795748018647, 12.998703403469998, 14.872564092271764, 16.24226453081506, 15.034830061444975, 12.915408724620084, 11.514221760306606, 13.73254431373518, 12.64085051197713, 13.259366482496606, 13.083272005305435, 14.789503443796512, 15.172222001871047, 13.467382872276907, 28.711022264686218, 13.728703656458645, 16.044669185811546, 16.15303356654137, 16.82192150274822, 16.482075385730354, 15.108556853901751, 14.965309108514022, 17.14027725704543, 15.185875356440203, 13.89547385893425, 15.21198161462951, 13.526049142500788, 14.123276003842973, 15.489359269332642, 29.00076748918422, 15.677086684980594, 16.509312209658688, 14.759895802642532, 15.508829192675282, 14.960989593882843, 14.157808978967026, 14.324166010730746, 12.740058115405605, 13.866724112135087, 16.96136437743728, 14.033509773810671, 13.233517010660156, 14.83742601756206, 14.564003478715268, 89.01616159023743, 14.408480737355601, 14.45095040501392, 15.743705720274926, 13.493473610872265, 12.924707249728195, 11.975783982036628, 15.806169354420279, 15.382637806909639, 14.554598924402637, 15.092239524665052, 12.542546051948975, 14.786734189276308, 13.24075899120604, 16.0308122646558, 35.68094246340255, 12.954844902892491, 15.0446561879506, 14.216886482156793, 13.129617706740204, 13.249616271429234, 14.271520131252226, 14.956885256834516, 13.775123798041395, 12.921480505615117, 14.457865732159236, 13.586510031063858, 15.384930854581876, 11.687581989918257, 11.954105135643179, 33.87359272553837, 13.556283866881328, 12.974428495995904, 13.615727665941934, 12.80399416430412, 15.151173566334817, 13.540991930203353, 12.641635977348383, 12.847476583121617, 12.36351317700302, 16.105464467000946, 13.747446916018049, 14.328167529153236, 13.10769849339262, 13.422911760768466, 42.3481699154948, 11.864468674062534, 13.64021200057347, 14.070418923243105, 15.357850959024782, 13.808775603609904, 13.491230701472265, 15.107192766039308, 12.829940415259822, 14.281501078928803, 12.125688362029072, 14.760098370289198, 12.808748310696087, 16.136054419370954, 12.283838287141226, 39.57658201946435, 13.110805709654688, 11.956066472193749, 13.129737657761952, 12.750819924095751, 13.17525485510628, 13.460041455513672, 15.914635289214859, 13.573526931883388, 13.956539050430695, 15.65438448856411, 14.667605060268972, 15.653164327890618, 17.10661971162776, 13.049352444477599, 52.15868592145888, 16.613968571732265, 13.728910341976828, 13.90765570849237, 17.780980235366442, 14.868424331633268, 12.758524556185849, 14.000559232098388, 13.44727909385732, 14.696138064148391, 13.199145293646398, 14.632002458288625, 15.689825849632827, 14.285095994055789, 15.802069034400752, 62.91891994414784, 13.211761185597643, 15.482419791770878, 13.589467177414358, 14.42081814539399, 13.467244156374633, 15.32043803466672, 14.58197198948497, 12.946335808466607, 12.220332329818765, 13.305381678910626, 16.107997248606775, 13.110536991392713, 12.588510831481349, 14.799400245572699]

lambdas = [0.47619047619047616, 0.047619047619047616, 0.47619047619047616]
nytimes
[12.55597919277129, 11.70411395454585, 11.297553117430137, 12.142194400954839, 14.236626468180049, 12.542667799205816, 16.274414324316943, 16.043427634662077, 18.090657844145287, 12.314167449186625, 12.716489961378716, 12.066373819250233, 15.511147765665457, 14.420445334598229, 11.452863756311187, 13.344387841916452, 11.473736524992905, 11.421036206159323, 12.673615004091028, 14.53931411628284]

shakespeare
[30.410608457135258, 11.412313316781253, 10.351341365798094, 9.996135736988998, 9.87824928425328, 8.980700767705162, 12.482261796529471, 11.45927091447285, 10.372488583784751, 9.584977771120354, 10.38460985158732, 10.44912497904392, 12.844568897982368, 11.491544018182392, 8.039938297717665, 44.060271367810394, 10.533529592391965, 12.399854819021106, 11.600776423484232, 10.388389719942312, 10.268533810050023, 9.489560002876372, 10.45121276531001, 10.624827801540448, 11.813474836833988, 10.423824572759582, 10.001309246024912, 10.952783882895439, 8.95375044356293, 10.193648934206843, 26.177132345169433, 9.497533882957653, 8.057858787300082, 10.918325065573294, 9.862000102218031, 10.34313976973516, 10.551254150147765, 9.377825511210252, 12.402926534583411, 8.67783838111018, 11.356015299756459, 9.385101773547138, 10.330271766463001, 9.100151335428821, 9.62868842186066, 50.533575058950156, 11.103111623888879, 12.72369138216332, 10.28657217394407, 10.131323819400604, 12.069885419192106, 10.089697127871375, 12.10748556492754, 10.49701539848415, 9.869258572743389, 9.64388584545358, 9.655301103643618, 11.582762748979768, 10.828136665156869, 11.394042111981333, 32.36563459417542, 9.977278358570537, 10.863104321219767, 9.403368372611316, 10.541880716701192, 12.15710005339099, 9.99051520039246, 12.21671811295744, 12.26466390672051, 11.193555370117696, 12.107140590949616, 13.150440910132756, 10.765435774225983, 9.491111921861265, 10.096729662326508, 29.95244827364837, 10.299063672116725, 9.710135838081754, 10.392941807660836, 11.937297687795072, 10.523503638662326, 9.511326301933103, 7.832157553952237, 10.654992090499665, 9.531594877690962, 10.80969784981282, 9.360408643420906, 10.436321117987902, 9.472596356197949, 9.367645034567154, 31.42130992537664, 9.801658999433839, 11.713222778203608, 10.50052289750133, 11.101366082089692, 11.622205235663408, 11.368888790450315, 11.41118261664145, 13.306689809140138, 10.974722783839537, 10.113427762080766, 11.867369940922657, 8.699470747077276, 10.214407205350248, 10.346235260416657, 22.166074241470962, 11.398351676894436, 11.029163706583281, 10.36960376937032, 12.281069340290442, 10.738906656077765, 10.477198095197522, 10.972179389926469, 8.985569771162131, 9.534217209629624, 13.279350462725947, 10.288018925922906, 10.051706391166208, 10.565590281575734, 9.762903954101645, 44.15815016449091, 10.751582695070475, 10.353347371086109, 11.787762789428117, 9.534049771865877, 9.002040190064129, 9.091732164546823, 12.364479994029129, 11.860483637176106, 10.506727667159012, 10.116745340708826, 9.387206865777824, 11.4014588567941, 10.151392270014009, 11.142635733088266, 32.06860230392897, 9.329850698352878, 11.032687262454003, 10.23906699981866, 9.298700291499028, 10.182997814040611, 9.379904100258289, 12.01731014090601, 10.260001724853911, 10.009666777175799, 10.726264250952292, 10.15285230883684, 11.079346872526196, 7.487885298727005, 8.720340228087395, 33.388232392107966, 10.137290864702425, 8.873481401883453, 10.00461821608956, 9.693462534794993, 12.20591038944207, 10.059763761924849, 10.012347144433576, 9.202932003971819, 9.215640210450747, 13.71893576042516, 10.382608581837422, 11.57952973018928, 10.693573816753362, 9.430150344824357, 39.22996337594274, 8.820569314763436, 9.574874148451254, 10.774396610553389, 11.736473751518634, 12.246885799270645, 10.714204975099618, 11.068386813601322, 10.148390443444816, 10.047537596273482, 8.827723681457584, 10.899863796948875, 10.060451179586044, 10.927005441057851, 8.765091317007366, 26.47303150605668, 8.056401416962785, 8.419705932121921, 8.04966995921653, 8.723625667139936, 9.057732315749847, 10.016387034712567, 10.459663808735124, 9.413440717398286, 10.976094297395518, 10.956389298012843, 10.671138644422784, 12.847101204192304, 10.909669653821613, 8.730551535838922, 40.22992470932937, 11.228387770797491, 11.869609251380869, 8.92868336217713, 12.597245929876287, 11.241316478201691, 9.482683621669707, 9.641859146654433, 11.169307710032074, 10.090970375162483, 9.67958025440359, 10.792027379978173, 11.323934954507937, 10.821185230093697, 12.214314761489982, 50.67116269125484, 9.485301206674038, 10.440309909670923, 10.241806239467778, 11.322134010596349, 10.734037405770415, 12.256044368856399, 10.523771631002743, 9.935924303484807, 9.166839932873984, 8.80818155785592, 13.793758687392199, 9.083910326354593, 8.188363254139642, 10.020895572770305]

lambdas = [0.08333333333333333, 0.8333333333333334, 0.08333333333333333]
nytimes
[12.355811567939101, 12.199507264915724, 11.683892639870177, 13.641188962504005, 15.023430062489934, 12.967857970863971, 17.129799693507408, 19.429788306662516, 18.627604184534725, 13.17883753533766, 13.341094485713969, 12.733419682054736, 17.01842351755347, 15.359944870866231, 11.393369126026885, 13.209451193801437, 11.970774371710064, 11.162161636795249, 12.951904869328642, 14.354042716113755]

shakespeare
[33.39071762837304, 11.012367024485753, 11.123243040042492, 9.442370613659271, 9.807618502698856, 10.226948589622143, 15.025860068526471, 10.398701522890674, 11.66585466672631, 9.986081942896742, 10.21414347263751, 9.106566231607477, 11.524668775497233, 12.296055676122092, 9.396573878757296, 45.88542860486863, 9.78444002738305, 11.576531079999599, 11.164802386456895, 11.437736734510922, 9.56034357298156, 9.916950625700478, 11.030446170308148, 10.8861688359374, 12.308623352653086, 10.38821445631373, 11.181787376971524, 11.30728334171036, 9.60203390878569, 10.581214902428448, 39.00019802778237, 10.204877296506941, 8.134361143292939, 11.720454560337185, 10.613524984446025, 10.743066754958926, 11.804443077375575, 8.654779336008154, 14.681645966687455, 8.363947780032449, 11.303553028922632, 9.322456475738436, 10.789341638037712, 10.679325856135806, 9.654626414125113, 69.16605665397135, 11.778622810914904, 13.40877123081412, 10.262365550453612, 9.327857817031974, 11.9136185706713, 10.067745603891565, 11.7806815203643, 12.573775839251702, 10.643402466932189, 10.888635532824381, 9.170992964344364, 11.619476841559134, 11.11264529199223, 12.654044418300565, 50.71119074387367, 10.06976644761754, 11.511975646270896, 9.915303367767107, 12.081617627290864, 12.850106905062196, 9.282976951386383, 11.514164638279881, 12.626125270397154, 11.40249195041109, 12.70201514143626, 13.141759004415345, 10.550051498349305, 10.04260324930469, 12.142527370947517, 14.401126542123153, 10.744433151962737, 9.489817299653028, 11.50870427104313, 12.039598815301131, 12.149202555009179, 9.024806636510924, 8.063918406833908, 10.344375506141137, 9.31817015994702, 9.945588517262058, 9.472474763483106, 10.561133807466673, 12.361823463124844, 10.257398178350668, 21.185677198511872, 10.358458017657185, 14.187582478737443, 12.427611093162318, 13.105173811039283, 12.308094357264084, 11.671138642275507, 11.576612299368339, 14.07655749739691, 11.269449427884178, 11.259012496036156, 12.960483989502373, 9.892736609029674, 12.421562651797917, 13.99327089707957, 21.711131347877416, 12.35567318919724, 13.447489517345304, 11.607738613558602, 13.037494379037632, 10.962909870395789, 11.16743561599283, 10.919912253077712, 9.789651926880776, 10.606283866501016, 13.96378401837721, 9.77234955884032, 10.142595676867328, 12.573786554828477, 11.51993197786401, 68.7591703195091, 11.691312529513501, 10.441029601240585, 13.398347589191582, 9.632024753256628, 9.250506074501432, 9.125043424343424, 11.984289539253677, 11.365660733113947, 11.272724870368572, 11.217256210308848, 9.121329100965111, 12.27304315361376, 11.074375853275017, 13.320033631870697, 29.779752527197342, 9.019173190514309, 11.779623768798405, 10.444588761632376, 10.24754437585239, 9.605629050184385, 10.48660965429748, 13.376268075230415, 10.092125174883927, 8.1102999445655, 10.524897424191884, 9.165563759273015, 11.656377285126027, 8.881424886875262, 9.097894557129559, 23.728354262614754, 9.885647077573518, 9.529867720699123, 9.17363152074592, 9.081882132602766, 11.157718975971974, 9.003674713733337, 9.014886325308966, 9.18912558627558, 9.456756824644444, 12.719799773341713, 9.671692378777387, 10.621867267870115, 10.143043097894498, 10.678949019513272, 32.646337938485736, 8.429781531902858, 10.389939914774859, 10.375680432790627, 12.047555079683548, 10.643764839849137, 9.926449224023942, 11.313212793086857, 9.276239677754505, 10.287765821056928, 8.513890447906107, 11.899425577416341, 9.497077353533896, 13.77500558903177, 9.276781864478885, 30.684295159563025, 9.191032044399147, 8.236214994183213, 9.337843005156103, 9.390541242474628, 9.853236425994899, 10.48102811782663, 12.238558685490007, 10.945251295208417, 11.082018029204782, 11.90254785720284, 11.158631043787848, 12.916518160974793, 14.386295486254998, 10.783513964627392, 43.25907702852005, 12.120457100286504, 9.43868056018226, 11.129006551441147, 14.210430902869447, 11.571986604212507, 9.513161320782219, 10.508850999706059, 9.327618422947092, 11.19279411747492, 10.305710988212384, 11.177917989997406, 12.50369458554651, 12.890801300662424, 12.805849172300231, 57.225446165878594, 9.622250351546256, 12.594577420377165, 10.280391280737733, 11.621481883652324, 9.65439341182466, 11.341170617581684, 11.957555325212804, 9.269765845595908, 8.85079044426001, 10.170720249400125, 13.054277638328992, 9.622705654149447, 9.69636729669543, 12.873250298676865]