lambdas = [0.2, 0.2, 0.2, 0.2, 0.2]
nytimes
[8.838510910205054, 8.793205206255161, 8.232673519135517, 8.732644497443232, 10.250220100591823, 8.810393166159862, 11.314920339761747, 12.440911739212895, 13.619749604664817, 8.861675563880071, 9.072524615798752, 8.413114469769434, 11.55544997436978, 10.507959633511723, 8.726364157554881, 9.532601536688398, 8.208037358745152, 7.776592450309424, 9.314068303052256, 10.414251299797897]

shakespeare
[29.904551818667493, 7.624648435295606, 7.066342784032428, 6.761396665962851, 7.138327559333438, 5.955389899846334, 8.954174857694792, 8.064730270642, 7.490344255149982, 6.4880412467895665, 7.734132195607656, 6.980671457404721, 8.955368482615667, 7.956327246045352, 6.19367281370912, 41.66701500541883, 7.210516443710775, 7.765264779901839, 8.071841326796422, 8.187523247561254, 6.695306106231437, 6.472736536841071, 7.377177269334825, 7.735237251460906, 7.532864300484028, 6.676768922540211, 7.306989378756646, 6.878671602476588, 6.350350886671565, 7.418337194033354, 30.18234639737258, 6.735996680168243, 5.854676929823346, 7.849490299025284, 6.621342875057497, 7.358715608193066, 7.044192805718852, 6.725680219175439, 9.451293447461515, 5.946909958145191, 8.328340324713364, 6.59022313379765, 7.21071071270602, 6.3276330528061955, 7.18003286558103, 45.83048733320394, 7.910853258166435, 7.854691038759693, 7.051670927545467, 7.14391739094629, 7.678325326060345, 7.134784805855462, 8.40091360825689, 7.992064345931685, 7.068990239493037, 6.6790543395820885, 6.380349428527501, 7.5221169486522665, 7.4699978770434425, 8.672815489865933, 31.94817457383747, 6.822561492694191, 7.368508778351448, 6.274483743173079, 7.4130740157277675, 8.688862929505403, 6.707372192319196, 8.604824962572636, 8.36754899751759, 7.441570882498843, 8.738481894013429, 7.605029145097945, 6.832630902382044, 6.795643809818607, 7.429780656770909, 20.547690782943587, 7.506155238680631, 7.04545605263537, 7.312372052652567, 7.483383248775233, 7.76126657595633, 6.567129365759164, 5.870531066824607, 8.257899652776763, 6.615869366755253, 8.065481812542705, 6.157552096424384, 7.69339022363306, 7.437355711328097, 7.115876376780799, 24.41112601166969, 6.67489340622028, 8.224117983556807, 7.7158797512377175, 6.990171266448766, 8.334168502983472, 7.489972648131452, 7.5665458635644045, 7.852374167600355, 7.643946351330627, 7.894463257757716, 8.660437865392627, 6.694515853688968, 7.967009759922571, 8.804141635296828, 17.729259827882384, 7.781218363489525, 8.178721916287918, 7.1723989113033735, 7.4571579790840214, 7.712735999064923, 7.6754273776403386, 7.001473491841464, 6.320968986810153, 6.556877308889307, 9.193456323643021, 6.681572041875684, 7.871649165570701, 7.593327446400668, 7.903100549897571, 41.821400135225545, 7.8516835106461835, 7.290323438029662, 8.736513717796928, 6.603857088802546, 6.150572928897374, 6.475268930318671, 7.340135863181707, 6.826424706800396, 7.298119235303905, 6.815067687972189, 6.261553354609561, 9.387626741182265, 7.356934563986174, 7.961163674670686, 29.71231425202809, 6.615821066961576, 7.747148900350365, 7.26360218341779, 7.263680727422783, 6.047770029199473, 6.651246713094448, 8.282016927604856, 6.271787197865363, 6.330366496945622, 7.318120937084388, 6.495261039309805, 7.784851900838112, 6.328649867783821, 6.245283431818343, 28.846099862610497, 7.2974548282048755, 6.049660567235518, 6.332984830954657, 6.448785879944498, 7.40525951206795, 7.126038761894432, 6.71536859068525, 6.096825354308376, 6.415709800410127, 9.733757134806929, 7.341463206958778, 7.125822617817417, 7.882122981172853, 6.890769868826619, 36.2931815905519, 5.7675414117962145, 7.153540189407119, 7.359153366149677, 8.703024496874338, 8.516754403083421, 7.550714907907061, 7.9697394756157625, 7.700607320801628, 6.674634350783012, 6.321426047267288, 6.886815315260482, 7.633883282973025, 8.033966379474654, 6.58427092888422, 28.826173697148914, 5.798609346515406, 6.247916887801052, 5.690277938499448, 6.276256527500438, 5.996689235281685, 6.821717885541254, 6.791994400446428, 6.265828672676354, 8.113378968693123, 6.709048036561703, 7.469814406637126, 8.649113991986853, 8.142937073272916, 6.834304970341068, 38.109458712525814, 7.624258984843133, 7.16360038952787, 6.699536308218392, 8.617943332123806, 7.687914190297601, 7.144711613907971, 6.649320237270078, 8.004057665424138, 6.37766523438694, 7.171176567796552, 6.819934740934168, 6.9711219271773786, 8.20570527618536, 8.569382193098726, 43.930753897443985, 6.2450276880814215, 6.752986206053388, 7.197524040740508, 7.542719645201245, 7.016493708497412, 8.688246494317545, 7.97671778981524, 6.501763241629257, 6.475720075762366, 6.621128361890064, 9.177317630863024, 6.740035732947125, 6.753605961275925, 8.31805905608261]

lambdas = [0.5263157894736842, 0.2631578947368421, 0.13157894736842105, 0.05263157894736842, 0.02631578947368421]
nytimes
[7.371572518172122, 7.518887182312917, 6.841254089361744, 7.37129865181674, 8.70873434372091, 7.407587807960596, 9.852646085428226, 11.125053637258057, 12.255150082513861, 7.537475875282454, 7.629484123728552, 6.9308515286619965, 10.312146319021739, 9.030681969240142, 7.537214282697111, 8.103348324231082, 6.867209259493997, 6.432208294525422, 7.934154436878063, 9.022971469443467]

shakespeare
[30.190909005817485, 6.0128365581505, 5.817584564133594, 5.571498179036257, 5.960530529060227, 4.595891779889657, 6.994546945023212, 6.807615440729894, 6.237455672063504, 5.175954462083477, 6.851542726435448, 5.64040153900307, 7.989811449933553, 6.58285928227467, 5.144169561184336, 40.42235036148278, 6.099444241591977, 6.395203423921219, 7.028530793868644, 7.053080759524214, 5.494863211734034, 5.119654300392688, 6.15536800101813, 6.382666356410467, 6.168842040775041, 5.174648642080767, 5.94672208758716, 5.4367567459732555, 5.216497626294046, 6.284365313779101, 31.819705186724967, 5.513069451677028, 4.753393328052322, 6.570241234021444, 5.234470083603687, 5.966844650783051, 5.664548195237873, 5.815781142694744, 7.973372062747034, 4.653121008188539, 6.907594594914807, 5.383876512314911, 5.786400320621728, 5.137513961531743, 6.135799413199687, 40.864261397568015, 6.41383011851266, 6.231922406285619, 5.704498747035332, 6.072210573699222, 6.127689975791082, 6.077083045277655, 6.985509761191899, 6.453855822288923, 5.976819900639272, 5.560221422846325, 5.226499722000569, 6.150346302486525, 6.295840572405964, 7.728675801392713, 30.7147797582108, 5.573482555081363, 6.20743096460069, 5.024037499595001, 6.243720254672474, 7.288208951067769, 5.476607465661266, 7.198492569939203, 7.251258856449809, 6.173604080630517, 7.149201102853518, 6.204237084415004, 5.491759855582901, 5.535191430540042, 6.1876077826161, 28.495937891449476, 6.431183102249628, 5.8898319901581075, 5.896219014922696, 6.0895397453307485, 6.505501403348267, 5.48452026254857, 4.933510372110283, 7.214374037600937, 5.378550543559437, 7.164405385483338, 4.865518079521842, 6.489693978903806, 6.2725753155402195, 6.035376638198593, 30.95442845084479, 5.540611873421532, 6.621178278735109, 6.278017475475168, 5.4932557172377035, 7.195528048044958, 5.939119261285204, 6.184990713885926, 5.864959966676888, 6.302935228244365, 6.881624504913754, 7.572365515637317, 5.572583501860244, 7.186753397488913, 7.725832689128343, 20.217053816058417, 6.151707603082441, 6.886817724804704, 6.205612540790284, 6.1495647503737025, 6.473377281745092, 6.370622665685221, 5.50421824747559, 4.9282926911321825, 5.311692302794648, 7.705517165109067, 5.295329821657628, 6.999109222383304, 6.239190337696835, 6.770161347575722, 37.67079106918583, 6.512722426222576, 6.00641656892399, 7.299129758615542, 5.527156136210661, 5.036315500430036, 5.406015822996118, 6.009545860465463, 5.172535824393467, 5.905043275219553, 5.387620296950477, 5.156897574966393, 8.532602938576257, 6.247516067961355, 6.805597619474214, 30.023653244460757, 5.407799105500636, 6.481997525354611, 6.005331898732208, 6.587521976182926, 4.589932524355602, 5.380613951882862, 6.938568285756087, 4.937783550917183, 5.049789478195708, 6.217491363714179, 5.221561089516878, 6.548211636764112, 5.524983809667116, 5.277469742315865, 33.367667102245385, 6.019440739356067, 4.837684123851537, 5.154999741042815, 5.217730150515342, 6.091126326401877, 6.052611281107934, 5.517932110451831, 4.976048791393342, 5.144010345768586, 8.508985429723776, 6.125017822377827, 5.682647157308277, 6.918781787353813, 5.717311762708458, 40.39121744556484, 4.717222434039696, 6.039710854409538, 6.1913786459057425, 7.412568464215896, 7.418137788225321, 7.004025602949998, 6.68031736632883, 6.654985205859099, 5.509662182202946, 5.376155571045308, 5.442777775308102, 6.609379296194966, 6.60469846121577, 5.533869599399901, 33.359039600078184, 4.667356285628586, 5.319208406990297, 4.395575128540014, 5.09861932019107, 4.828330681789092, 5.408560585462354, 5.338822234982048, 4.9703990087284255, 6.95406604301421, 5.387415253736176, 5.92362962289082, 6.912653037205192, 6.752298161050281, 5.6165483830125975, 40.63480387292754, 6.206296008424941, 6.003763888124762, 5.591033482116766, 7.041851466894706, 6.406652494567968, 6.206917446917362, 5.306642680262786, 7.125729955097326, 5.034063376635722, 5.9610310929629104, 5.304076996144732, 5.439335411499781, 6.962167799927713, 7.342165862048106, 40.17795228452355, 5.076450998819195, 5.210433791074377, 5.995132717017549, 6.146048328730028, 5.749334464652893, 7.512323331078108, 6.850880880854455, 5.18119224248872, 5.250106169350376, 5.360231048167778, 7.746369448997573, 5.67318220694386, 5.956391140969744, 7.419436766035791]

lambdas = [0.02631578947368421, 0.05263157894736842, 0.13157894736842105, 0.2631578947368421, 0.5263157894736842]
nytimes
[12.814751093907672, 12.548730814311124, 12.146586279239946, 12.998735809779145, 14.948706925889734, 13.131596073529353, 16.595716929378106, 18.189338495663765, 18.661507836019794, 12.882612878948994, 13.276591889734318, 12.79604184446771, 16.01632858817221, 15.642993679335266, 12.330929503522922, 13.987363910565474, 12.075647440891704, 11.77651554275405, 13.521429692138232, 14.737340903889148]

shakespeare
[31.500516655669205, 11.82826825079746, 11.102645866966073, 10.463097688253566, 10.760229163650035, 10.003082043092903, 14.208497156101403, 12.014242176111313, 11.332392846331194, 10.307658491252916, 11.239105133476603, 10.749225220113644, 12.783858152066973, 11.674832054540957, 9.453682041302208, 44.73096876414508, 10.950436965987187, 12.089561051397277, 12.212616812543729, 11.572112017553055, 10.611992654719497, 10.214301981593128, 11.189362199066416, 11.644964667896856, 12.166525175764843, 11.019217077750588, 11.690836002041483, 11.673144081663779, 9.694823397264935, 10.966324929910408, 35.136168148984254, 10.326247452125651, 9.240175845177763, 11.567151739380627, 10.787933075484267, 11.32499216231509, 11.336877950925587, 9.945977714880923, 14.000090219948548, 9.394866375997227, 12.462908225935283, 9.933199707640611, 11.282698181337976, 10.160086960832595, 10.160035699814877, 58.389489712130136, 12.151979370524566, 13.22733598450403, 11.25158766113601, 10.507997410263716, 12.115780827235232, 10.667948190428145, 12.362314492186531, 12.191053373180205, 10.890053068745214, 10.426818231905946, 9.89509353176659, 11.903276837167908, 11.185390966961021, 12.258761058300081, 35.28604701536755, 10.724548273859932, 11.314560863540569, 10.02429729648585, 11.73618979013367, 12.81716089339479, 10.427840601419293, 12.7226126860419, 12.451435280801745, 11.661912275989316, 13.219596566433054, 12.478570367862101, 10.77527994492703, 10.528957210428466, 11.335428435784763, 20.774147576062443, 11.326112750209656, 10.540605202989559, 11.57276432828946, 12.246270364799946, 11.79404760264859, 10.130377271801416, 9.029261570610402, 11.487618853151854, 10.079849343070986, 11.147408132346436, 10.078018758306795, 11.607633517483572, 11.453069815203477, 10.64936166204321, 26.69634256085715, 10.520094007428353, 12.597474271021142, 12.235237022966755, 11.85908651747374, 12.742641951787814, 11.813828059054524, 11.702499557725298, 13.044671341493034, 11.920703853879994, 11.251630476290964, 12.427793981299743, 10.404179847797034, 11.19736995976189, 12.394230018007345, 22.55906362192655, 12.333816869281225, 12.6627590455187, 11.118822157212465, 11.859334331014866, 11.827697998407496, 11.455128017271077, 11.277385361020528, 9.995328424567033, 10.4982375424342, 13.646120187306757, 10.799265878930644, 10.992256568847038, 11.63787880515133, 11.606081625826, 62.00404038178054, 11.603027025133663, 11.371057556890038, 12.732364042429905, 10.409919252671308, 9.85856806760086, 9.673887625635327, 11.876947057872647, 11.626444630422842, 11.376763271735788, 11.218506438421425, 9.845036987107472, 12.596818818258104, 10.644915404441454, 12.147442393991797, 33.01772025901704, 10.266802043166598, 11.835620464057795, 11.24732139612327, 10.452202298805787, 10.174614639460081, 10.793660228699462, 12.12626717059101, 10.407710328967234, 10.237497619115489, 11.163851205615344, 10.517342308073596, 11.909630131916341, 9.162890457504993, 9.461462949887993, 31.912015612530315, 10.976209178633155, 9.821639307995992, 10.381327922772138, 10.139588453399863, 11.778342892200312, 10.862034162353826, 10.24320745117932, 9.766926667845281, 9.879459011653065, 13.615494942923151, 11.05373716523538, 11.338088030958085, 11.070753141516382, 10.536086980232872, 39.417883503558585, 9.202849478699362, 10.754445880307685, 11.234907181102956, 12.583870024660508, 11.824357276702969, 10.852945515242329, 12.058199039972672, 10.830333344043412, 10.873256791737846, 9.63251895228273, 11.155456771207168, 10.787182637429353, 12.47289391135496, 9.818553439884367, 33.32676632169855, 9.581542886339008, 9.385344715635126, 9.684491010896739, 9.849235589022511, 9.821254598160042, 10.635637497507531, 11.516916782778953, 10.282097055143145, 11.672278609037463, 11.21516914476816, 11.653895470043386, 12.89211132754548, 12.817368822337253, 10.329665590049665, 44.73346549587693, 12.342187392315127, 10.992300022003299, 10.343009479453524, 13.613965637457364, 11.785489549936006, 10.386468126457197, 10.695325068758503, 11.289541635082116, 10.743424139612673, 10.730852274535774, 11.17475726051853, 11.592704136631635, 11.683176498201279, 12.623845029163332, 55.38752237408614, 10.136555172689171, 11.358424339252284, 10.88620902048851, 11.596071392233675, 10.850641303797843, 12.481084173328274, 11.681816755691479, 10.301466693848095, 9.918955996165518, 10.31702961896451, 13.33969542355297, 10.20601053462137, 9.847729345585856, 11.700257711533954]

lambdas = [0.6896551724137931, 0.1724137931034483, 0.06896551724137931, 0.034482758620689655, 0.034482758620689655]
nytimes
[7.377092792900238, 7.586225623440742, 6.817033506425907, 7.407536596948235, 8.811399178622123, 7.42440534452688, 10.012963200580133, 11.463930589554767, 12.409420561083538, 7.603848705627064, 7.662849568863342, 6.940271652379696, 10.448078188217455, 9.173120443482501, 7.579502976999898, 8.082760785605105, 6.841830596062327, 6.455592552712134, 8.013535363701658, 9.12173796440483]

shakespeare
[30.05112715112353, 5.9762655263682, 5.8794022392674, 5.662481209991881, 6.019992193490314, 4.551988421304714, 6.94649940654907, 6.9117973168360445, 6.288615703500207, 5.134805093399184, 7.093979102559067, 5.565877952164356, 8.279941054775978, 6.466641190043114, 5.20003888286293, 39.89944536729433, 6.175876151357011, 6.45586837974302, 7.2076998722469865, 7.194053212890071, 5.543770866501007, 5.0444239588295146, 6.172706823103783, 6.380652705386138, 6.2947427135738945, 5.115317252633698, 6.02421354367331, 5.5023390436683, 5.221175246677306, 6.3770679656958, 35.413135130879276, 5.496965747528467, 4.742621971080794, 6.5799818951260995, 5.201314114051247, 6.030554519780887, 5.682587828154724, 5.9504256383221295, 8.1121765624001, 4.545967943083794, 6.892725362252254, 5.3418453375392225, 5.763670510162431, 5.102804521358281, 6.094921950579323, 40.38432665505318, 6.323392331079315, 6.358051307632692, 5.719135483914701, 6.169227548593654, 6.0885505338177515, 6.178197635955982, 7.024617935017335, 6.413590173531382, 6.162803170725316, 5.611961387603031, 5.253348452309927, 6.161098820168836, 6.260970785641759, 7.8321163524251585, 30.419362019550842, 5.568333174118553, 6.249223422291598, 5.021626319813064, 6.437108090061667, 7.397420461341097, 5.505846107628136, 7.103701762762325, 7.385303017987896, 6.252377841779404, 7.090795527458931, 6.239936361780788, 5.401290187971201, 5.526719584547333, 6.197718233115488, 31.10395287268708, 6.586313442026909, 5.948931409391893, 5.868575392513843, 6.194491693952024, 6.614384058221128, 5.510877178699388, 4.984041804827051, 7.288748985820156, 5.354372428465761, 7.34823780469531, 4.8739099796733445, 6.5368862468043245, 6.415639897675395, 6.144938924719963, 34.733005492984965, 5.61805661474102, 6.532410095990311, 6.311767851775963, 5.491822161764718, 7.450083701672984, 5.825578774801303, 6.223424363134726, 5.6490953417, 6.398570867543685, 6.94901750421446, 7.797629748615231, 5.669489871907619, 7.443275802801491, 7.887513843899467, 23.276016710869605, 6.173132580226056, 7.180545601755504, 6.419614979612514, 6.254603925251779, 6.626839339537062, 6.373328427773684, 5.454413917401803, 4.82030410800367, 5.311185292135884, 7.680017035178734, 5.235570477648304, 7.095904493930597, 6.245346220177545, 6.855962863691685, 38.64112950405373, 6.465664238601064, 6.077034683861395, 7.263328673830514, 5.625032221627902, 5.046531073823436, 5.480919978169122, 6.000742139390179, 5.061340951493683, 5.859228535578463, 5.356892657527419, 5.2007249988850175, 8.811276106319982, 6.178528802780805, 6.932696926301837, 29.9798020803602, 5.432411148676358, 6.535685634979766, 6.054990067043145, 6.86890832341245, 4.476226715673597, 5.458829058914798, 7.037858737306833, 4.935098433321591, 5.029284119503321, 6.351078619493784, 5.2024432535184095, 6.695298146781265, 5.593758476397768, 5.358670091436298, 35.630101468677196, 6.016926419717005, 4.88111548748516, 5.227413264853301, 5.203715727673962, 6.171653093217842, 6.183793157931412, 5.530926476381043, 5.038073217503167, 5.099773308468196, 8.634851599980388, 6.133477618074702, 5.620501180281056, 7.0735853046575725, 5.728610845933029, 42.13526702186182, 4.72925716802772, 6.17285657193232, 6.277541213916615, 7.531059217700219, 7.444907959430446, 7.328719882201004, 6.798270986341024, 6.702659036585157, 5.637662035747518, 5.453154815520342, 5.418756199952517, 6.712354277947154, 6.694157487716552, 5.550207130073925, 37.8850606178358, 4.736036692462689, 5.364055941901691, 4.375399838105191, 5.090664235283134, 4.873129438843581, 5.331762679478779, 5.39101123767845, 4.959839327392504, 7.1014602521752686, 5.426223098698867, 5.888630361465245, 6.778050262565105, 6.822309151753793, 5.6256645368501275, 42.463147541035376, 6.326728835741387, 6.079146176947241, 5.6404906957802545, 7.1334658555803, 6.506204297231892, 6.32393640718538, 5.342593859560187, 7.301883069105638, 5.057714752710163, 6.021115842857264, 5.227838705815863, 5.37261616506142, 6.96292434372369, 7.491118173770898, 40.02832476603356, 5.1000797575586265, 5.10546079168974, 5.9894297370410055, 6.153434828321681, 5.758108184247953, 7.525629394721847, 7.0087951721058745, 5.158397996761356, 5.1946082218584095, 5.3314146639151705, 7.787888779858816, 5.707159775906915, 6.100185916444404, 7.544911699134243]

lambdas = [0.5555555555555556, 0.2777777777777778, 0.05555555555555555, 0.05555555555555555, 0.05555555555555555]
nytimes
[7.458590248059109, 7.631612324704762, 6.915899550578177, 7.46482511161721, 8.870600530020887, 7.491282583847173, 10.002088547839088, 11.47626365779051, 12.47655167014336, 7.602678414930624, 7.727431068211471, 7.028344418131657, 10.472897955919159, 9.220055716818342, 7.680121352125836, 8.156337932120842, 6.928137205571769, 6.52159905513923, 8.067635302387806, 9.17392500903736]

shakespeare
[29.986943689510163, 6.084652362822647, 5.919883649632538, 5.692777015504476, 6.096413691030218, 4.6628289998966395, 7.080692933201915, 6.9209258551202675, 6.3501705136685995, 5.2227920162383885, 7.03346679670249, 5.737593261356083, 8.127350131437467, 6.57960837344241, 5.256544956534202, 39.91098779975838, 6.164135515095993, 6.494662839478053, 7.155990217303685, 7.229723786418717, 5.584515334896894, 5.164475492048666, 6.260739856050744, 6.491887292425484, 6.343642252789299, 5.250302902295846, 6.060330242633885, 5.531989687443578, 5.271478183075397, 6.402254660799743, 36.48990720547743, 5.575692254972726, 4.855414305092379, 6.618810841373814, 5.2842354045376165, 6.106036185505399, 5.735073765500782, 5.969795357422635, 8.198968842441314, 4.681968561710891, 6.994549573409358, 5.466172410417331, 5.863146421608197, 5.202811089299964, 6.191498810045458, 40.87327370847848, 6.491365462043622, 6.428486568599677, 5.780572378499292, 6.196757886482561, 6.181329787888738, 6.204036223698894, 7.046999841481129, 6.574605409721588, 6.137819349948322, 5.6422040038261985, 5.278508112461511, 6.227788721365864, 6.386418479892331, 7.835410739986054, 30.57494864416799, 5.639886968651136, 6.24734251329801, 5.100258083054448, 6.426506547377529, 7.438090275655999, 5.575837730185144, 7.252884636472534, 7.3098764829617044, 6.248559517239523, 7.251337299498028, 6.253209294486575, 5.519441603122218, 5.601117944544953, 6.2220436050380785, 28.619120235779715, 6.537014574127815, 5.991556356202858, 6.000796650346547, 6.208425294052922, 6.615648374876251, 5.5572228103532595, 5.0500376555978415, 7.360814687364485, 5.437268668530016, 7.289407514173889, 4.916006263102128, 6.566827303038805, 6.418007833680418, 6.186546734896262, 32.1296694962314, 5.633895775636767, 6.616217242126615, 6.373737133786568, 5.557219159148503, 7.5036337774051125, 5.958310579010647, 6.292362028322944, 5.865282810373628, 6.45776709498487, 7.062951659368034, 7.697400304183137, 5.767350300549559, 7.287761058956171, 7.898996311732619, 21.241245730096914, 6.259125457142952, 7.0933179542196205, 6.329949459832185, 6.235661396389212, 6.631722491731804, 6.510314423685927, 5.554892878733748, 4.984525259974206, 5.407488724480885, 7.744876303051183, 5.33624780094241, 7.118857390936098, 6.3292071670951255, 6.950060696337418, 39.37288217364248, 6.620599981706002, 6.1279616385514135, 7.375638085940991, 5.5970236372664095, 5.130254262981634, 5.476479087065543, 6.013571623259583, 5.215090331644753, 5.968732166787368, 5.412995829112801, 5.297243665746293, 8.819713853175024, 6.30033502504673, 6.912352856178342, 29.88059337770039, 5.548809812774157, 6.5863882015319035, 6.161312824518256, 6.773059238416923, 4.648129446716718, 5.479833024072587, 7.026859614097563, 4.953297896827612, 5.10245182218564, 6.395039651189347, 5.287338876920974, 6.692425050255418, 5.712043546731746, 5.3772517149458405, 35.19847119136347, 6.111678389883132, 4.920760056436871, 5.26917040646615, 5.2706850342264655, 6.150011720389146, 6.23742993619843, 5.602787316345721, 5.066190433195713, 5.240666650261309, 8.583359152579822, 6.185851098484698, 5.720627222919177, 7.043895862863706, 5.802187338211268, 41.77393134437329, 4.756999377190375, 6.194899264279076, 6.287838213840098, 7.605128584761754, 7.466894389225489, 7.139080570327035, 6.826796813562384, 6.728075960244803, 5.657765184406793, 5.502033680877851, 5.469407244296643, 6.753368759279073, 6.7592696676985735, 5.633663023800287, 38.53070895813772, 4.755841381702197, 5.413535565429566, 4.504478559351243, 5.2087014181871805, 4.915141317418371, 5.4224701131623245, 5.4466319849679286, 5.01462878556337, 7.075245852669171, 5.435266057643343, 6.049797208956719, 6.967034709146285, 6.834231379529226, 5.740715925794364, 42.44946201282021, 6.326520956110897, 6.146456884725533, 5.723839013648415, 7.200145383712056, 6.467097197913099, 6.294787684538623, 5.41475190967608, 7.258260418827898, 5.167835013495611, 6.097037752703791, 5.389622668192939, 5.485083411352532, 7.060300744696267, 7.433436351291987, 40.45093920123662, 5.119641214502406, 5.240438983068858, 6.08023829810647, 6.1801633484184215, 5.804973536484343, 7.542260004431785, 6.975755629467541, 5.273451116869805, 5.322814121395177, 5.418015752250185, 7.756472742044342, 5.799636281509176, 6.122288751359855, 7.540093880891626]
