sum(lambdas) > 1, normalizing by sum(lambdas)...

lambdas = [0.2, 0.2, 0.2, 0.2, 0.2]
nytimes
[11.03620558360094, 10.76963338089487, 10.186265224550267, 10.64674074920788, 13.012645903187972, 10.804481832700532, 13.8443685797375, 15.62447170711393, 17.13617201745772, 10.841206703520998, 11.557252331405508, 10.35788584112795, 14.30745657973081, 12.877890575567504, 10.412786184711006, 11.271570037941219, 9.965145615014407, 9.481544958938311, 11.375560858005802, 13.352894587199986]
E[nytimes] = 11.9431

shakespeare
[62.61495266291692, 9.539922101229719, 8.683988364134656, 8.039118824728014, 8.637012861733446, 7.1194526280712305, 12.314782258987226, 10.020211191845359, 9.049313888904358, 7.882180303190417, 9.5210307896922, 8.326431700360278, 11.307418292211821, 9.952907330527133, 7.1055443014494335, 68.91495969355348, 8.630829993561559, 9.68519910718141, 10.115099438925938, 9.842749512110565, 7.943320881867454, 7.720228748452147, 8.959284508193031, 9.534739492966517, 9.259818639128433, 7.953633666736125, 8.927136657826033, 8.683044520049886, 7.185416618710861, 8.636850661376936, 48.87588622727682, 8.124061173859667, 6.662987652203643, 9.866441739319743, 7.9535421519569764, 8.735022224388414, 9.1440021320891, 8.083983846199445, 12.048699865719179, 6.817435754815505, 10.711849868835973, 7.750853781735763, 9.135256457880237, 7.448447523984726, 8.363943137212289, 76.52521621839392, 9.854636980754993, 10.55604605156411, 8.567215189079766, 8.397044555636016, 9.897151800412972, 8.650427044209465, 10.735179234502768, 9.766107620875406, 8.669824047846712, 7.92097668394503, 7.3762375496231165, 9.633690385376733, 9.15829960201672, 11.097141160872717, 70.79781750287616, 7.96357157946046, 9.212037031793741, 7.668042780929481, 9.107379196029616, 10.985887963595971, 8.108457509964897, 10.599884773246119, 10.628718338151305, 9.164127383647408, 11.576530691554847, 10.163775253411048, 8.24419097832827, 7.917490932733309, 8.698851720746267, 36.39144349651828, 9.135525898065973, 8.45095025279936, 8.799585554251426, 9.531162920662902, 9.876724715464238, 7.814439161811201, 6.674878916056846, 9.84564268562938, 7.676525679580776, 9.650255578612912, 7.090063012424703, 9.48375941565467, 8.672422417070784, 8.360227371697036, 40.67487472784641, 7.728333504638645, 10.438627878050527, 9.838318159155994, 8.947374125979968, 10.932615598889855, 9.756986359718978, 9.516626953517083, 11.033187850955818, 9.212633128102182, 9.685804583341886, 11.057739000889898, 8.005414087261459, 9.817211117293322, 10.953331628245698, 31.190887179390057, 9.908258353747923, 10.145523518186867, 8.388601509420125, 9.239031846578158, 9.302619058059268, 9.297778131476333, 8.49428232787797, 7.31789907418296, 7.851140744547415, 12.278997409697837, 8.267033035812004, 9.282581158270823, 9.340908743608196, 9.344754954032544, 76.39537120886726, 9.888061336801115, 8.72467155626739, 11.03222310143969, 7.71194040866485, 7.1824594882978925, 7.655330451152407, 9.295935499616753, 8.68593694729409, 9.037025089546733, 8.368680396753604, 7.40324929106403, 11.619950413095633, 8.867157741010049, 9.464230381757066, 68.42070454069848, 7.86651250036295, 9.765719776204007, 8.645093778665878, 8.38912119434228, 7.451275367485237, 8.022863556733894, 10.830047253414708, 7.513882711226763, 7.287902153240466, 8.847151575443542, 7.577393005597671, 9.468960980848093, 7.103491987757775, 7.114577535270684, 61.778329164417535, 8.60476260426792, 6.925448944170681, 7.640502604457006, 7.656777999890115, 9.452299354327385, 8.571160475535342, 7.814096064006852, 7.1044275132999894, 7.423903971348899, 12.488085798669136, 8.832216190981281, 8.849117274259372, 9.201301385834741, 8.0839031838743, 66.6690262566576, 6.695682849459189, 8.602983073438798, 9.107796702815753, 10.796699909815215, 10.697229838339508, 9.147426853949076, 9.882696324969425, 9.068153385185154, 8.068828997535435, 7.269422305314859, 8.624445121488362, 8.866724878992972, 10.235084538513739, 7.468578689330834, 50.983177820341695, 6.6067847720971296, 7.102806586660595, 6.701234015175599, 7.402871317752975, 6.946737313129281, 8.711097818705383, 8.418798015009157, 7.333210173879143, 9.725172893447835, 8.44985421806186, 9.203138119803693, 11.513486057988574, 10.185801824794428, 7.907082495953601, 72.17709176739307, 9.536476246187233, 8.822631227371513, 8.170646422950558, 11.332425425250563, 9.462410937047691, 8.4656973062835, 7.735749035538013, 9.564738786925636, 7.968890413572592, 8.293098502424119, 8.538831470432203, 8.566984871593263, 10.207906030834268, 10.846802070235674, 77.81626306773711, 7.2918579326972885, 8.483984689537145, 8.639145428449519, 9.537973925673606, 8.510242244078025, 11.243756902702097, 10.063112500006106, 7.7381640598331565, 7.511056993298035, 7.765788348693221, 12.205660401362772, 7.954091248062595, 7.68599691189069, 10.0237453052404]
E[shakespeare] = 12.3591

sum(lambdas) > 1, normalizing by sum(lambdas)...

lambdas = [0.5263157894736842, 0.2631578947368421, 0.13157894736842105, 0.05263157894736842, 0.02631578947368421]
nytimes
[10.977170849986779, 11.02333727647386, 10.117097479856074, 10.271845171712318, 13.190496300219472, 10.467166527112798, 13.572213304120133, 15.723587444111452, 18.36369293151776, 10.660188811551759, 11.664504291128278, 9.896564540425777, 14.663014701768633, 12.681693879690387, 10.406238694437233, 10.926745474076515, 9.750271695753716, 9.075363735049322, 11.253907929826582, 13.942819798996213]
E[nytimes] = 11.9314

shakespeare
[66.64535610451206, 8.680503390917384, 8.08011203560459, 7.330230398785192, 7.998653564371065, 6.011603649195527, 11.808966327075625, 9.721901011696579, 8.466395117506055, 7.034013744964235, 9.622110977203077, 7.568210466276738, 11.782911956814553, 9.625322183346785, 6.546780327992643, 69.07796875373607, 8.190370059906588, 9.167969713053115, 10.190837693920452, 9.605823335435886, 7.165036034606321, 6.756867751604583, 8.51847916711592, 9.078563772290787, 8.425030463685921, 6.846234238659126, 8.082149454294441, 7.660922109506281, 6.442174717307928, 8.229135111173688, 53.128841913963164, 7.4615268247628475, 5.836565816081861, 9.60531551908416, 6.975877454180118, 7.912462761782954, 8.27511074128788, 7.662426970777053, 11.981987910567266, 5.742499866457796, 10.578784673434175, 7.035691816235082, 8.353337041159707, 6.656252336998322, 8.12124289350219, 70.26679278652833, 9.270676085177223, 9.478805255513192, 7.735413347071479, 7.88298777135372, 9.064609415724739, 8.235407563941402, 10.330580681466206, 9.01329857922971, 8.362291384788954, 7.270309747833348, 6.538796535931321, 9.054609653538492, 9.038801257427812, 11.887191360930252, 68.26401045405376, 7.18524048991454, 8.872862468981145, 6.70965683055283, 8.603605589085442, 10.867131055285197, 7.392775747748608, 10.389564290924195, 10.758407864121112, 8.517865616237914, 11.381237679187, 9.597683800890236, 7.301167602729206, 7.164099898739243, 8.028117266413982, 50.0137500367103, 8.766773387117917, 7.853060824784553, 7.969546103078918, 8.760380948055664, 9.515638446182072, 7.271214796078123, 6.020537862773125, 9.761876438021494, 6.840465114944754, 9.672868944337358, 6.026015270200344, 9.075954618137626, 8.161255558551183, 7.97877176517273, 52.37230087877135, 6.936833737993869, 9.720732919473464, 9.157036530429725, 7.91444218607166, 10.85885155421496, 8.924172813893348, 8.908503766657228, 9.798891852345056, 8.636715857830643, 9.777821166730977, 11.33392082277914, 7.485538251844092, 10.147050759487056, 11.240159222015242, 39.31720337529961, 9.053213850419853, 9.804438085646579, 7.866966478396062, 8.371669034653818, 8.834887423144346, 8.678397318071221, 7.481816322073744, 6.288049585560377, 7.027554540875636, 12.302269098466548, 7.345468441358347, 9.342000374329524, 8.832995640278734, 9.118649506173126, 69.11414233983382, 9.530569048247475, 8.051577874342987, 10.891476904811814, 7.100976419575339, 6.364744117635211, 7.009270069022055, 8.61595779895506, 7.432202026033229, 8.352722785470059, 7.45256455813141, 6.669800241926048, 12.56108882423159, 8.614053991638292, 9.012153052260675, 67.50089580200869, 7.28871020623996, 9.341619749787325, 7.9432288234884805, 8.242475233541098, 6.357749346157843, 7.205107978107516, 10.63908372270187, 6.502357227594694, 6.323098530113427, 8.375019543655188, 6.569818534688216, 9.007741990536475, 6.726007203649491, 6.546520926849755, 65.4116423713136, 7.943960646495667, 5.95711208759526, 6.89133109381001, 6.924190772498752, 8.816570813830593, 8.075627099349123, 7.029758922120246, 6.333793236643558, 6.495258057906621, 13.043064868184285, 8.260427041364629, 8.072285494637585, 8.984526693150574, 7.519383411164597, 67.51447126139347, 5.93049195759766, 8.142683824125214, 8.623649091274041, 10.728815760677113, 11.026171175088674, 9.602839704317745, 9.471971554773551, 8.922966590328326, 7.330547685158794, 6.732626868055951, 7.638225990179993, 8.469321482883414, 9.715340654869578, 6.832914618499375, 54.97662068589898, 5.739312355636591, 6.559582798571919, 5.616903962412492, 6.6125153316236, 6.029961641676347, 8.069235300916983, 7.443148138964503, 6.378547696901907, 9.393914150866987, 7.667498646489846, 8.387670319139124, 11.200503110959561, 9.941477883890585, 7.146379485311788, 68.38832842653552, 8.77720813186616, 8.583548825181108, 7.639732990588601, 10.829015295017173, 8.910389349138608, 8.166758884875692, 6.716045606348546, 9.653009000501468, 7.000445305677642, 7.5793610534419695, 7.508215746501136, 7.412685774488791, 10.251002809305728, 10.881737344494324, 68.9998160389438, 6.395768936926353, 7.4011431805842145, 8.181068311735283, 8.888280055899104, 7.828393981567669, 11.584249851355027, 9.92900212531355, 6.772344726694201, 6.704364014898142, 6.882594009489202, 12.417266611052995, 7.553027317512228, 7.4802463514769, 10.427565562799407]
E[shakespeare] = 11.944

sum(lambdas) > 1, normalizing by sum(lambdas)...

lambdas = [0.02631578947368421, 0.05263157894736842, 0.13157894736842105, 0.2631578947368421, 0.5263157894736842]
nytimes
[13.757341886295253, 13.401447480147958, 12.96331821394397, 14.033489465278054, 16.249810172393495, 14.212495191499714, 18.200452003189866, 20.481712940565437, 20.39911400791105, 13.82986785292153, 14.462137928191076, 13.798351253182469, 17.441391018261296, 16.964122094984745, 13.104274870108926, 14.886913630667499, 12.882488382779961, 12.580813983996995, 14.501525012078247, 16.050266999143396]
E[nytimes] = 15.2101

shakespeare
[56.981253710167266, 12.97907654255071, 12.170228540852063, 11.308366764704385, 11.730740575671772, 10.876746943351025, 16.023278535937813, 13.157764463995811, 12.254559452818002, 11.163832064154267, 12.289567031309497, 11.586615251152233, 14.019335758831243, 12.642028910281661, 9.981410025778738, 66.75356774982788, 11.857581131520927, 13.282102045489928, 13.474248236136752, 12.481087178875102, 11.471297386994223, 11.0253744566491, 12.118721670950283, 12.649939081639218, 13.421554589901058, 11.87027829783429, 12.814032092859884, 13.087661613927976, 10.177852432457183, 11.566505277494906, 51.350824677847896, 11.256392584888138, 9.818247888994886, 12.626130654657393, 11.686193239660893, 12.217895689483942, 12.852046240313005, 10.859861066432194, 15.47102411754639, 9.982741721238808, 13.786868409939878, 10.640789173849225, 12.502047382366273, 10.917039582047284, 10.774370590391328, 87.5595199649694, 13.281934021897282, 15.309188363688927, 12.288716070991418, 11.254194760451826, 13.431092950449354, 11.662002606987521, 13.693132431178286, 13.217409458600901, 12.007117723501155, 11.291471194989855, 10.575013368816856, 13.329302416094032, 12.068517940815553, 13.553177217086175, 77.14413219282773, 11.472768476496173, 12.479476556422183, 11.087314601633587, 12.911747225256494, 14.191731927548553, 11.270094623473655, 13.78028810461674, 13.84750153917222, 12.7698800143797, 14.710594942458316, 14.311898659424585, 11.791586084053822, 11.170523216805897, 12.045385158366496, 36.24427319549257, 12.32008493771314, 11.387157019371912, 12.568262968083715, 13.76330507735806, 13.120041854093747, 10.947292049670635, 9.597720665668676, 12.373829669228494, 10.768005273775593, 11.992293537878044, 10.7378892755228, 12.800731628443934, 12.20114120335265, 11.318734212366435, 41.8496495075039, 11.338584457752976, 13.901833283768903, 13.645902057837196, 13.381121111869094, 14.447099206783427, 13.179770917122752, 12.952403346409902, 15.049615397340682, 12.933908163196305, 12.324662164129084, 13.684094349395144, 11.311323529102879, 12.121136944811305, 13.514088723818194, 35.69807076115205, 13.667632995912873, 13.987820272902567, 12.002009982549033, 13.142667339518612, 12.762154086091993, 12.480212971010975, 12.21445786201444, 10.5959945954202, 11.446391012137584, 15.308928778865576, 11.867827912779163, 11.787196519229457, 12.605520261119299, 12.348278044411261, 98.3921676275903, 12.744874987033082, 12.257450674483607, 14.032426498604037, 11.145794342495593, 10.623906779517856, 10.40764270286687, 13.222668929259884, 12.959995360810199, 12.454269810975976, 12.280947465451224, 10.694117149808202, 13.651373094590841, 11.444611152271332, 13.044289057056588, 75.82434960467681, 11.080174809136965, 13.12716213686955, 12.139294380332323, 11.219151567437397, 11.174853681287514, 11.740959772830625, 13.489832473828026, 11.313449829672292, 10.892706411220887, 12.227419805020457, 11.364032810460882, 13.006356827296143, 9.625932833439592, 9.994837780247204, 65.9256130385497, 11.731359995405453, 10.438687044368725, 11.227905851557612, 10.822444579611421, 13.18745730638929, 11.806372691236803, 10.902257338399941, 10.477376659744634, 10.559658643459837, 14.95584886677553, 11.999946691756495, 12.38351633334825, 11.702460404150141, 11.18773814231988, 71.6773665306933, 9.898800150934568, 11.627093484914145, 12.415351279735932, 13.684451270634717, 12.876564501572414, 11.821655882674989, 13.15499787432308, 11.557766457394921, 11.90185545509576, 10.25587376470796, 12.343059256269798, 11.513421917135858, 13.671941652218813, 10.313416413822296, 57.287369552757184, 10.224529676157147, 9.973388269122763, 10.471199061549598, 10.617832915730991, 10.555622338013153, 11.79512964658155, 12.73029629188595, 11.025836168436788, 12.597239849788537, 12.521539096163751, 12.69895589583915, 14.261942006434845, 13.879810792166367, 10.977262213357957, 88.08998906416095, 13.773360061806125, 11.93581691916854, 11.390197934249873, 15.365449810129252, 12.871190168037824, 11.202298745484763, 11.489357151177803, 12.215629743618756, 11.971864104031246, 11.407652482425357, 12.349950809021127, 12.650713487908614, 12.55107377792609, 13.825198577204795, 103.1481262703701, 10.948927386758873, 12.622943602715008, 11.681414053844655, 12.76023573482987, 11.772937274325626, 13.864834529987881, 12.965638802404621, 11.095562525863063, 10.547843793334236, 11.064132224772639, 14.91684870803431, 10.9237708600604, 10.336778102656247, 12.486079797537458]
E[shakespeare] = 15.8871

sum(lambdas) > 1, normalizing by sum(lambdas)...

lambdas = [0.6896551724137931, 0.1724137931034483, 0.06896551724137931, 0.034482758620689655, 0.034482758620689655]
nytimes
[11.883071775239745, 12.00964716308808, 10.894823305729837, 10.904700475913941, 14.167955356311545, 11.18746477293473, 14.538607205662496, 17.10190470897467, 19.887267492466457, 11.42395990026037, 12.700101779640104, 10.576211430406868, 15.511781784486287, 13.644657297684246, 11.200497087943003, 11.526707958635571, 10.429113138892065, 9.697745815047208, 12.08177732214237, 15.16267654625167]
E[nytimes] = 12.8265

shakespeare
[66.18586891926721, 9.17024479653373, 8.661172312727908, 7.807470095815363, 8.457177471803721, 6.235398737139835, 12.61843733701622, 10.51076482824625, 9.009079049968415, 7.319419517638727, 10.587098138123926, 7.872429755821074, 13.052265181922932, 9.947345317625832, 6.868739219756286, 67.8103061633701, 8.769288847216787, 9.807048297804377, 11.191820782610527, 10.350364264650059, 7.571518718628684, 6.920419482634952, 9.086472680675794, 9.630493676749783, 9.026612264299143, 7.078855880558186, 8.544475878945317, 8.14976575187629, 6.6938463383048346, 8.781511294616204, 57.15895912570052, 7.841464801310766, 6.029938721024205, 10.29227216168434, 7.271220802075678, 8.375298498184664, 8.677949003617686, 8.130637212569654, 13.013314334131877, 5.7925356953152365, 11.327580354877753, 7.335876894420073, 8.798308629051512, 6.870505706004144, 8.449857442332858, 68.84623673106063, 9.769063883382643, 10.155210767199243, 8.187883499230294, 8.387967689857739, 9.551519090655962, 8.861007514654135, 11.040437303845392, 9.546750811391755, 9.17724101567136, 7.716133707570257, 6.832487669644725, 9.66068200977351, 9.585688022035269, 12.929540475227697, 67.59129598439921, 7.5436370673753, 9.492526375826273, 6.970512997597511, 9.369439220825942, 11.813934246840306, 7.783196368531489, 11.054536360487344, 11.679821049380566, 9.113162195475518, 12.189352848224543, 10.289476222724145, 7.500644220692283, 7.479012688966757, 8.379527339958736, 54.10169353691395, 9.482918806422061, 8.319157483975665, 8.391032281462113, 9.389384035962413, 10.3080489125778, 7.654125695518228, 6.2888054481970945, 10.473044658890675, 7.094998980016377, 10.423240486000214, 6.257711215429126, 9.696726714562638, 8.767437611865573, 8.527828664928041, 56.26189884214784, 7.30677428828434, 10.221871305497306, 9.750456335538376, 8.299560207614713, 11.904599439714849, 9.252455868295616, 9.485601504091953, 10.033890848556153, 9.33377535626152, 10.581368438723619, 12.483593088263317, 8.02458588612212, 10.972458968735001, 12.202487671969939, 45.19520334869162, 9.62010130487217, 10.954725854502955, 8.388700048079318, 8.782027214726389, 9.579476202219187, 9.212250476206256, 7.824851670178195, 6.387090412067258, 7.378638180952791, 13.268539083118073, 7.5925778914496895, 10.087776218196648, 9.390347384923311, 9.775928335252969, 68.31433630623829, 10.053911721974611, 8.549814632199867, 11.554417893872586, 7.520850957756926, 6.615366203286343, 7.414926168797399, 9.131049981757341, 7.6741739366633235, 8.803386866721441, 7.769815568167708, 7.035871069385421, 14.110062315918816, 8.997673911380875, 9.58173963490594, 67.12944059059966, 7.71952719298175, 10.082382567100508, 8.369461367298314, 8.910295363296125, 6.509431531510627, 7.696231676272541, 11.529535332299618, 6.787617251595092, 6.496168896551381, 8.956407868073773, 6.809628388317803, 9.752060498033917, 7.054824956019405, 6.896869564784489, 65.90710899060919, 8.380078618400326, 6.222872193638397, 7.329648006153709, 7.228959906482003, 9.453787875161378, 8.649199595435045, 7.337857868503511, 6.694196688849811, 6.7169159534162395, 14.24837698573366, 8.737061446713813, 8.47693633195735, 9.531944897768929, 7.912853717389428, 67.19141615862594, 6.190124703712725, 8.771295339637847, 9.243504413054765, 11.641342512583913, 11.903805162910434, 10.672938422429613, 10.288672872756942, 9.513263389002427, 7.8737441353449995, 7.118800689694011, 7.995575855337601, 9.015826756485612, 10.373542206150315, 7.093283288561089, 58.71391798153545, 6.005609541383816, 6.911882551796714, 5.799895945841194, 6.908594623864579, 6.320732868578522, 8.419297256363926, 7.914542196238216, 6.639875012748221, 10.189338644382818, 8.148945267398046, 8.809063808256331, 11.829810193872511, 10.65766916821042, 7.416553244316302, 67.96206083916697, 9.485035503925475, 9.151195641023456, 8.149367736434982, 11.806024972021465, 9.57117589989809, 8.771426910083044, 7.050227865551034, 10.522297145797639, 7.398484664438559, 8.019441876606441, 7.785433211224128, 7.581733360521565, 10.855206024989597, 11.715105306005961, 68.54749278364953, 6.671267796853237, 7.655810432261074, 8.63250604271828, 9.419068435718701, 8.278362172420525, 12.384061537302562, 10.807141454487367, 7.016474166190561, 6.9117432482941465, 7.126394619330236, 13.353286664648246, 8.040354896511463, 7.98280838319984, 11.317847681971177]
E[shakespeare] = 12.5089

sum(lambdas) > 1, normalizing by sum(lambdas)...

lambdas = [0.5555555555555556, 0.2777777777777778, 0.05555555555555555, 0.05555555555555555, 0.05555555555555555]
nytimes
[11.389137341506585, 11.488474621421616, 10.498945593453161, 10.580273130810427, 13.709896654145771, 10.812127062052397, 14.008001114106797, 16.526411026281714, 19.065718095835948, 10.98216000839891, 12.151519735615144, 10.248260522356803, 15.08506800382979, 13.21596677135881, 10.864494369943952, 11.195754728159521, 10.069765664594788, 9.369483995128482, 11.678493581499259, 14.54221229916344]
E[nytimes] = 12.3741

shakespeare
[65.6596956859567, 8.920603132260199, 8.415972879854689, 7.593046943055454, 8.29087110186743, 6.1934427694697956, 12.256165898934773, 10.09337679861429, 8.788499496290507, 7.217195418132444, 10.09683395643397, 7.824090503970329, 12.223465704839157, 9.701835823420994, 6.771744030120735, 67.51067061163464, 8.405584531325086, 9.475444010387124, 10.646321159671635, 10.015810937116772, 7.393475595126962, 6.89629908148744, 8.813532747038563, 9.434449822220737, 8.788356419542753, 7.047233931727187, 8.360397855224113, 7.932770943700184, 6.553039899908592, 8.480530487540895, 59.25588354822792, 7.67452119416599, 6.031613847052323, 9.888544185370435, 7.163764585003212, 8.18992985839726, 8.524237378163463, 7.936552461416699, 12.584386155535297, 5.838383204773111, 10.973647393324024, 7.244880629103114, 8.60392963509545, 6.7921142719533645, 8.258001651640516, 69.3134881847093, 9.563030445685916, 9.950250551318533, 7.972354705288069, 8.16002569629988, 9.306912462632543, 8.569943928667804, 10.63100797232002, 9.398834340451009, 8.763649543442968, 7.506588342908379, 6.6801039656465875, 9.370520432682605, 9.340938436156328, 12.29922238524145, 67.91873000129692, 7.386365318359817, 9.097175399500586, 6.888335189624686, 9.064187001503157, 11.270647988738798, 7.620921431517938, 10.74866878021614, 11.052871216974578, 8.767508169100935, 11.903156466069426, 9.910908369230597, 7.442904919708429, 7.317659734669176, 8.149512574286195, 49.889733928227926, 9.062716356748753, 8.100677573068008, 8.267936743887244, 9.10086817289572, 9.88395991825031, 7.486634035052049, 6.235967942065377, 10.111106362656718, 6.99978726117151, 10.016141605027737, 6.160089059334733, 9.366820090135612, 8.458850141176507, 8.293460542235175, 53.57598247989493, 7.137893371719265, 9.918985409698232, 9.518645094135131, 8.127756598286188, 11.536324030511354, 9.102451475051945, 9.205076379835164, 9.987989150354515, 9.058339701158236, 10.264062086567591, 11.761360290549776, 7.882497263671347, 10.359994925543896, 11.655578127640583, 41.42065907361825, 9.399023996425651, 10.34040384614914, 8.094684183922785, 8.558595150180116, 9.215214873821889, 9.064767908135545, 7.6746730779037104, 6.4175298009361805, 7.258843853043652, 12.635078722163094, 7.4947168690444, 9.699949409620935, 9.100157333731358, 9.534066719202247, 68.97334417203716, 9.87016283930645, 8.354292777759493, 11.208216723624103, 7.285130892215731, 6.561455658226194, 7.198787023365313, 8.768126071962476, 7.612211498076001, 8.602117388366034, 7.632993643356257, 6.953747407175255, 13.361151585608031, 8.779866214104171, 9.242010532174517, 67.18693092175677, 7.612030364913351, 9.718257505238336, 8.25396128675385, 8.558835125427262, 6.51321095397689, 7.466937332474323, 10.989224290529098, 6.606406556735362, 6.444015324302247, 8.723825964026332, 6.740942395370942, 9.353912815779722, 7.005620589830316, 6.723137918631474, 65.19545122628277, 8.193215103844672, 6.123478362037334, 7.138348142677586, 7.104294765133583, 9.071094621186894, 8.461688117250445, 7.194098336006054, 6.525735307434623, 6.7016139965398915, 13.43067997109126, 8.49661094926171, 8.265064604074418, 9.19519179644767, 7.720369092968542, 66.69226861144026, 6.057474350258177, 8.50014392583887, 8.924048434684973, 11.272609735733296, 11.336782984481584, 9.993350014818711, 9.858346641144562, 9.174018757198066, 7.67790752645006, 6.9667407405730115, 7.791038387180532, 8.752295341909557, 10.096911330581518, 7.007231028059276, 60.23128404978075, 5.905497297788343, 6.789278005916367, 5.827643424092077, 6.851914117131321, 6.209749200983785, 8.228565118171629, 7.715581351835127, 6.516314723529821, 9.761359689837567, 7.877193969696499, 8.716482689375628, 11.53466174742641, 10.241854195286338, 7.338648049897501, 68.0266300346899, 9.127173311757968, 8.917225869632189, 7.956194212751617, 11.381325998137198, 9.14498504746571, 8.41559792670977, 6.929686073616924, 10.003247025360023, 7.314225962874387, 7.857412199447711, 7.776289325581712, 7.537255259716161, 10.507333356682379, 11.234132721976755, 69.51606709455794, 6.525286577311621, 7.599974799173878, 8.419568599226762, 9.102203379256691, 8.026955774982682, 11.865508564788346, 10.319338183650025, 6.983043371924455, 6.878486488870237, 7.059514296403354, 12.699988107984675, 7.844719896182969, 7.762719520425592, 10.822139703355603]
E[shakespeare] = 12.2448

