sum(lambdas) > 1, normalizing by sum(lambdas)...

lambdas = [0.3333333333333333, 0.3333333333333333, 0.3333333333333333]
nytimes = [12.5377099947066, 11.853422322223267, 11.42225426563974, 12.820717368956894, 14.624706090934273, 12.739030316589865, 16.781863956293854, 17.998170987274886, 18.567411290028907, 12.66821312211553, 12.990008100717645, 12.439188705084078, 16.252857274786205, 14.815143367275217, 11.491727210026612, 13.26803151427745, 11.601049490264415, 11.257868402995367, 12.84712633032034, 14.60269196812961]
E[nytimes] = 13.679
shakespeare = [60.502891001296426, 11.739652923619182, 10.850452182039302, 10.0220612438038, 10.180100520549797, 9.494382091046456, 14.026874808474384, 11.358650918945237, 10.983333522459475, 9.873908246641566, 10.531358563247654, 10.132340687034525, 12.572873367631669, 11.997194923618915, 8.680933711162211, 70.55847964053604, 10.39248241417502, 12.304369818727945, 11.616027937403107, 10.880000793580926, 10.149410433616541, 9.785248123601125, 10.737006566537527, 11.036421828418366, 12.312777948734931, 10.622267282889036, 10.870521495202219, 11.486528133231191, 9.30141734416231, 10.429998842080142, 44.08721980470551, 10.038627241917697, 8.252695601319948, 11.311343939922704, 10.25083154032287, 10.775502673719993, 11.566437480072452, 9.39805948331254, 13.64655335187525, 8.750600674092205, 11.679681141611397, 9.508219756068259, 10.943548979368146, 9.791792629554616, 9.778887249256764, 86.02007493633515, 11.615523651796618, 13.827920242332734, 10.523517501089573, 9.965445808710543, 12.246532628655086, 10.190429747436497, 12.312081901948034, 11.501630487560737, 10.529487955226418, 10.214787038381646, 9.640381369525466, 11.926689361113118, 11.143202282740642, 12.124585529255752, 74.70966716178303, 10.152754764567813, 11.253874031648998, 9.889171513953942, 11.364149760977318, 12.982720850796722, 9.892202496007535, 12.204374641522236, 12.82610753995031, 11.426556852400507, 12.69573055314199, 13.620002950316366, 10.951547744452208, 9.819150818549309, 10.918867609651898, 31.681722359300576, 10.628525612213824, 9.915354445053424, 11.11307888132665, 12.582346622233239, 11.39944502254371, 9.43188502839844, 8.034833717923108, 10.947861585063249, 9.719452315057072, 10.737071684673477, 9.519757531941993, 10.905648974799792, 10.663985076302922, 9.804626058518272, 35.406784659845975, 10.250214355169048, 12.827640720265245, 11.604923712959913, 12.286600826796393, 12.527858455387683, 11.819529315487824, 11.836304747617412, 14.068703124746134, 11.300647540969294, 10.834236857627511, 12.433683199414423, 9.430359600526769, 11.23114890112159, 11.938208742817668, 27.899076850896627, 12.233317329435229, 12.214137424339267, 10.78231637265354, 12.883019398057039, 11.06375629917123, 10.968970124066935, 11.061206529286942, 9.448857405600787, 10.14158911845802, 13.981569309231524, 10.435345112831692, 10.219282365517675, 11.433533628823195, 10.506303849332108, 89.77262093667, 11.425346708983064, 10.632893872094826, 12.903792963044626, 9.687313654039649, 9.200162800651244, 9.185337671939234, 12.300706196740217, 11.985289775238119, 11.034638336726706, 10.762249906179267, 9.47208625964535, 11.983691595631187, 10.609625639721033, 11.998425489669556, 71.05447473589767, 9.48817243294848, 11.586941723467758, 10.595214193634439, 9.653692893114508, 10.193033539193971, 10.012493893206319, 12.701239052049676, 10.316532905806854, 9.3424991164471, 10.920677657523962, 10.00274004277661, 11.692708246037148, 8.065221219837586, 8.989998478303976, 60.18216012166564, 10.311247221588381, 9.3188970986621, 9.805819582179584, 9.517618245706997, 12.21091504683585, 9.904972819277306, 9.80451262006262, 9.386233795445937, 9.473986090423965, 13.640908065281568, 10.3996090682933, 11.308546388960243, 10.595354136164733, 9.998442673712574, 67.79690875221881, 8.837437988549238, 9.993320117566256, 10.839065199854046, 12.060810332272183, 11.73163221732778, 10.582129502677104, 11.386810021370879, 10.064339782555031, 10.30448235773645, 8.840899077925718, 11.551015674004343, 10.103675626336013, 12.192175636114374, 9.078763751619647, 46.91249761664938, 8.633008040905304, 8.484063606642254, 8.770613138225066, 9.10890765593947, 9.594291646844596, 10.56584160073484, 11.36060277627436, 10.015398458610994, 11.142002677637246, 11.474848426534008, 11.129299708413724, 13.066813524608163, 12.101279927344132, 9.618873156036221, 78.9292006441856, 11.952081407028643, 10.8312362991514, 9.775664502140717, 13.5671310272937, 11.64135753128037, 9.716886901603697, 10.260104807726435, 10.789351363565457, 10.688651080504908, 10.072041863630462, 11.277980965316525, 11.867291328309667, 11.726044710596717, 12.547654703449084, 89.45160713139875, 9.687338052792713, 11.36307226448751, 10.27171784801497, 11.657947953561775, 10.527336739072268, 12.25642382824996, 11.43353041798864, 9.848057617636794, 9.158329790564753, 9.426023380959442, 13.756769865739736, 9.23855253139415, 8.796604425393973, 11.072592661585174]
E[shakespeare] = 14.2676
sum(lambdas) > 1, normalizing by sum(lambdas)...

lambdas = [0.625, 0.3125, 0.0625]
nytimes = [11.028043302704734, 10.247021345273339, 9.767998026319116, 11.02187347966462, 12.829952881968609, 10.896764660095823, 14.45290351341022, 15.148659656182033, 16.57611731381194, 11.165580244084177, 11.325505424727389, 10.500741910519038, 15.020659341135454, 12.495529490449243, 9.852186014848549, 11.255209761368903, 9.976061220340334, 9.571576076302396, 11.065119251041725, 13.159171957890162]
E[nytimes] = 11.8678
shakespeare = [67.84276815707227, 9.882412470514485, 8.871256128008383, 8.25974996999919, 8.407405348484955, 7.542645691420591, 11.748342324027512, 9.46618286735274, 9.107987327685136, 8.113506413182852, 8.785522335438914, 8.392651133841472, 11.046995967889595, 11.052404773160916, 7.161258502092964, 81.8102129472559, 8.523564902380235, 10.503273316051235, 9.616124197095097, 9.403020026133154, 8.204269801381376, 8.208869648568141, 8.904015399522553, 9.207571628591815, 10.137242787753689, 8.592278330737953, 8.659211907565476, 9.070632941296978, 7.887853377671221, 8.933096394466169, 42.676343646068545, 8.2728194290524, 6.448326645143099, 9.739951233523879, 8.221608777388752, 8.871929457107354, 9.72647575709199, 7.778058048132605, 11.58051436104737, 7.0872108459067364, 9.693408713776181, 7.932513076477469, 9.056231359351125, 8.154899421493303, 8.5855085954438, 92.5896605793012, 9.550526037740207, 11.323903549339022, 8.436246846670034, 8.318009168158754, 10.553649937611196, 8.467611421415151, 10.823760965539092, 9.35372086007612, 8.58069744256581, 8.236000403445411, 8.019392479465477, 9.78211141765105, 9.871085462590798, 10.918088801854683, 76.80525260961754, 8.172694111874069, 9.578768343614188, 8.06693400246227, 9.239284410149049, 10.97342566005519, 8.283668409408962, 10.39166142612699, 11.166856918827584, 9.425038676507684, 10.699988048814763, 11.645149424782762, 9.247842239892373, 8.186737918113097, 9.233522869552932, 30.821129537375768, 8.642991357457841, 8.250702843039498, 8.907073184042245, 10.458472873863915, 9.417471170657233, 7.616646993397893, 6.276696135731245, 9.280870837921029, 8.06798241594213, 9.35609930827981, 7.59356360340354, 8.814019351088632, 8.735323853924315, 8.1028393894941, 35.03939301658198, 8.330842694479573, 11.119143612594746, 9.217413131411837, 10.186761470707154, 10.443367516018409, 9.952125580311078, 9.996177558032155, 12.350013931911109, 9.2771232990408, 9.187598338948543, 10.985042912326161, 7.32094519374676, 10.290584290251, 10.202964373501548, 24.666669134292558, 10.297841126244222, 9.826320300573395, 8.921841119452775, 11.506930175688078, 8.98543910804034, 9.218105936157551, 9.234612897377781, 7.8218941526105095, 8.0360980639952, 12.296292617230797, 8.518504922370575, 8.526392173874827, 9.81513741807904, 8.636038717612172, 81.80876845279634, 9.86318008153776, 8.50134487901975, 11.177075217194856, 7.808947558034542, 7.330771408276203, 7.674535185626736, 10.48027673625985, 10.063207404312351, 9.121073634341792, 8.605339422256638, 7.786051596495426, 10.250848588891976, 9.42779104212919, 10.273482665638173, 71.0277157944067, 7.632460851146043, 9.515392257648973, 8.715593524205936, 7.969057911458378, 8.426306352742689, 7.786006556267351, 11.700186166909043, 8.41396580826905, 7.494416936267106, 9.006528681111002, 8.047415879624218, 9.556965188141769, 6.584832471126108, 7.585217105457553, 59.72297041082741, 8.454328166515072, 7.384724473862608, 7.8633280695678405, 7.779471249649041, 10.60197620485144, 7.925108370046885, 8.21265829664313, 7.669292255317832, 7.83971798265638, 12.307508103431536, 8.576362251649885, 9.615401258161361, 9.442015803586523, 8.414176992911, 71.0134678590948, 7.167802594653408, 8.230535486720097, 8.89095625592921, 10.485857634753716, 10.423019228885853, 9.035560377172686, 9.322671258226961, 8.590901864573548, 8.173945845885731, 7.062984424524529, 9.714662861800335, 8.446226293599098, 10.516950672678187, 7.568064875788922, 43.40480666730319, 6.601016050153377, 6.771958147448646, 6.707982054337936, 7.248136498772846, 7.689256908509765, 9.091679391433575, 8.951566534995026, 8.256216759970112, 9.35327757435154, 9.339642162376775, 9.21717877204854, 11.953243048075674, 10.055030199201715, 7.971407461449703, 78.04395032504063, 9.430654461109363, 9.18402063919924, 7.901580791137081, 11.359108610721457, 9.837825837282058, 8.08949191216196, 8.206957408189425, 9.230671484852795, 8.590998451950332, 8.280826667492065, 9.420308041040396, 10.01451381985424, 10.815039966594467, 11.160410187128525, 79.08032805578112, 7.756124920512512, 9.116754676877282, 8.528409472832564, 10.063095159455498, 8.722129403802237, 10.647381092790756, 9.764549047086009, 8.174638132047358, 7.425917592502127, 7.549219880426649, 12.396685678524369, 7.409787958591997, 7.2702887045963225, 9.65765400210381]
E[shakespeare] = 12.6022
sum(lambdas) > 1, normalizing by sum(lambdas)...

lambdas = [0.0625, 0.3125, 0.625]
nytimes = [15.637875722243583, 15.59216103561582, 15.071423241853818, 16.95168203360555, 18.86589247167812, 16.951338833349823, 22.39069494152711, 25.325843055269473, 23.82184988723407, 16.1088103838304, 16.760272799506502, 16.462286138290825, 20.16757207004514, 20.525705016922146, 15.098285261378084, 17.858383255401222, 15.215999129275334, 14.857649830271301, 16.846813135720854, 18.045653902267198]
E[nytimes] = 17.9278
shakespeare = [56.0709460440923, 15.194039686903643, 14.963308559763782, 13.638097082035895, 13.985712425626216, 13.804927291467942, 19.094602433211396, 15.331571764132734, 14.738709327767525, 13.55074609777614, 14.440383060256387, 13.591596412061579, 16.091565597476233, 14.638856821911554, 12.279890162773356, 66.71413493671943, 14.221953855108206, 15.902814072826242, 16.291973809672573, 14.496966490600878, 13.929624612319712, 13.332406330139683, 14.585818721979827, 14.894424674822764, 16.835557525118357, 14.889358066969667, 16.068714573128666, 16.567675610517885, 12.358043050240372, 13.711751962784277, 58.15607082351742, 13.791192998779513, 12.226308355600468, 14.726423910679422, 14.39044305602209, 14.586901918994805, 15.872768148526264, 12.705341565616953, 18.62401240471184, 12.020050920901673, 16.368880980720128, 12.800249930820872, 15.054516755917271, 13.982821993365285, 12.613769590108845, 97.7101129461715, 15.892694205845315, 18.926006906492645, 15.069972158633318, 13.081763673149311, 15.806477912992923, 13.956967978119788, 15.737883036464378, 15.928866170302136, 14.928143005341811, 14.2989319906504, 12.759530240227589, 16.194057867061712, 14.266796194949977, 16.05474598823856, 83.13013054428332, 14.11350736980829, 15.341945469857697, 13.586754215236546, 16.243172952389674, 16.841353697568742, 13.456175142187778, 16.043583855472512, 16.64417459238236, 15.402572517759967, 17.00208027490206, 17.50059881192258, 14.534016331370987, 13.636724809525269, 14.759780829164852, 36.316396798667455, 14.7298402681601, 13.404033397443756, 15.420274395394658, 16.97390566167887, 15.730894863463128, 13.370373584795207, 11.88718939264556, 14.240903865671152, 13.031175472251453, 13.65506168707967, 13.44451236156533, 15.473504060316909, 15.511609620689725, 13.726594720506197, 43.85597604657353, 14.246063423172515, 16.64998442742017, 16.93749476028072, 17.573367732302927, 17.258222421606767, 15.681494320922072, 15.619185117892508, 17.857618127797174, 15.781112582026132, 14.53311583816763, 15.754104986119476, 14.105536872567566, 14.394464069848866, 15.948596379436056, 42.73348922722095, 16.368437677804767, 17.267263473560693, 15.26231656896888, 16.078356512358127, 15.437358457815286, 14.74659904035513, 14.768480387914318, 13.060003484359298, 14.400531085894993, 17.62926742107057, 14.560969825876498, 13.708148343530802, 15.147134286912653, 14.84180652366877, 132.45359704732923, 14.907084195665654, 14.916428849804676, 16.429948843328543, 13.915136097664178, 13.341703475682575, 12.349306268491636, 16.44820298748936, 16.001133759843693, 15.075985133015502, 15.636663271731459, 13.021939726551219, 15.27677206279059, 13.48113775244593, 16.315832815199087, 82.15591174759453, 13.447097251067209, 15.732850036315678, 14.754671355460863, 13.643398937322988, 13.743149133452333, 14.749434372444027, 15.51955296970897, 14.271135050302359, 13.314176500660855, 14.96552277424706, 14.104167354486469, 15.962188038893478, 11.916087175818578, 12.136707320037761, 68.41054980933927, 13.924168599609505, 13.315720624921168, 13.988865122835366, 13.13044573331879, 15.762543626642332, 14.075681851610957, 12.979192542639046, 13.236626176527617, 12.77319383230357, 16.714328651101642, 14.219693466934508, 14.771349056466883, 13.29111263348382, 13.632913624885992, 74.21123379537904, 12.27969872530173, 14.075912328162058, 14.695046347133252, 15.838051284844065, 14.329279177746782, 14.011826321479008, 15.571922859827117, 13.259928366696128, 14.83033400246572, 12.498993354693809, 15.225927824449547, 13.22427823275583, 16.46816669990447, 12.455010448147847, 65.09101617007586, 13.564881601521396, 12.332932277986025, 13.607156635142303, 13.1513667818775, 13.59031262295011, 14.091705985737262, 16.648858761045645, 13.998135173384789, 14.494125271643082, 16.361268220532935, 15.237754387656745, 16.175076962488728, 17.43845379183463, 13.389556770505992, 99.03220595205185, 17.362035514130856, 14.239193000919299, 14.547910502655158, 18.551825558042985, 15.413921299151523, 13.24136291941688, 14.518696977549713, 14.023448004161425, 15.33223312498984, 13.596363478546456, 15.140104353171195, 16.13252688062276, 14.534257374260784, 16.14083041812061, 123.3868528911701, 13.745202135646164, 16.131462547349667, 13.980471611339468, 14.929163973101915, 13.94405194610162, 15.945541646752257, 15.312873847365942, 13.357900018702967, 12.6128109168545, 13.743890858980652, 16.78634198880116, 13.520614412400134, 12.77036064527049, 15.053621941176914]
E[shakespeare] = 18.78
sum(lambdas) > 1, normalizing by sum(lambdas)...

lambdas = [0.47619047619047616, 0.047619047619047616, 0.47619047619047616]
nytimes = [12.949668145894831, 12.162153006415435, 11.651380698125998, 12.77039034529484, 15.074106215635382, 13.07519771649135, 17.18437610721194, 17.534699634277825, 19.099851454647663, 12.831603910852898, 13.243442790696248, 12.617388463867933, 16.377949082271883, 15.038624386150975, 11.86568819797268, 13.753034793280849, 11.816940894600185, 11.770729812509327, 13.196560500779084, 15.23685253981638]
E[nytimes] = 13.9625
shakespeare = [56.56710617619522, 12.194870864242482, 10.949593020466152, 10.516877425072707, 10.501822697523496, 9.433628323701527, 13.620827227416141, 12.12066943530999, 10.925928369065549, 10.058231185754588, 11.021795596805378, 10.969704253216136, 13.653242663476945, 12.156262744274981, 8.433316298418882, 67.93026797941265, 11.069205519430675, 13.011364220690147, 12.403887022767439, 10.953836775254274, 10.739397972034801, 9.991600650914679, 10.955153054535897, 11.267863968962704, 12.649470144346704, 10.901760258168686, 10.69764568737226, 11.703746925012268, 9.309505522950682, 10.590910799133706, 39.58003655044041, 9.945715816024975, 8.422971709439562, 11.433750632993016, 10.407181603672692, 10.984658780833616, 11.51872908227358, 10.031541379732287, 13.443641005168121, 9.056824870454216, 12.118599123023088, 9.824028815205702, 11.04732985455861, 9.569232384995562, 10.072231049634864, 78.96189433030234, 11.786293712573528, 13.984701136379407, 10.92395024263168, 10.557161356790175, 12.749684422434198, 10.663346568622245, 12.854480931939785, 11.07006193424594, 10.695397191119074, 10.099313299935469, 10.069130755615513, 12.350173180789177, 11.347916994225981, 12.170704992084456, 70.92785934178734, 10.424942040421268, 11.59357239671062, 10.03489893281296, 11.262326074504333, 13.25153856166357, 10.487828936757241, 12.833448753416473, 13.18917097085516, 11.7895618677391, 12.976661975326099, 14.012701385481016, 11.329729622111168, 9.911664378347686, 10.594002011761445, 52.766594382386415, 10.848944548689817, 10.238436706775772, 10.974154239773464, 13.04395499496908, 11.300580511601021, 9.994349951182839, 8.189736707324123, 11.235771737699453, 10.017780900586644, 11.321917547152802, 9.730287980797774, 11.166436733245236, 10.10784461345594, 9.895925727613808, 49.85713413463664, 10.365790551236325, 12.426209983782151, 11.366626206860044, 11.995413452774411, 12.899243506391347, 12.07796285325924, 12.110162872932637, 14.429287448621729, 11.64579181143717, 10.796548457352323, 12.766059826537036, 9.351213306689012, 10.952768585993221, 11.207899173953553, 34.42903140249966, 12.344678240985456, 11.917114925389413, 11.045219947120344, 13.169309752964217, 11.359862812892041, 11.09045386088527, 11.489786116320495, 9.34230192071645, 10.098517206520805, 14.20220926065751, 10.938106248446756, 10.586674711234442, 11.142610093168555, 10.302515057915853, 77.50777525230664, 11.386749000535698, 10.919764911683439, 12.679129802341219, 9.970770089754554, 9.402964040479256, 9.523106127268639, 13.033915956055216, 12.670917453678886, 11.15134888505066, 10.737526551684764, 9.890255868917011, 12.038028820945003, 10.620816257783037, 11.725830001503029, 71.63247961042927, 9.907374062218379, 11.87380690585137, 10.948945392240958, 9.87695641349148, 10.794085318509907, 9.963937156767477, 12.755660316200805, 10.749559204336151, 10.517432112814673, 11.369404367179897, 10.66526548513301, 11.835886141641327, 7.8453450478123665, 9.064697856065774, 72.11170895870835, 10.601395248724243, 9.243211246291256, 10.461416953165326, 10.082561917115711, 12.986377376639817, 10.621386735949752, 10.411072881326856, 9.646601869375562, 9.62646064757706, 14.567106843422643, 10.955071267025723, 12.179827782142194, 11.301341194081372, 9.854469969556577, 78.19492706552546, 9.236800496911298, 10.066583529865111, 11.438447136492599, 12.376556874867672, 12.854272510029737, 11.324134272324697, 11.619678547200659, 10.623245041741763, 10.599531987374323, 9.204907745515204, 11.458770633602068, 10.615264902878017, 11.748707001658946, 9.126351729807052, 49.349847976436116, 8.554698890704662, 8.780072618739302, 8.51767388451902, 9.132090306916986, 9.458578572770518, 10.813268612446164, 11.290803057355324, 9.82069585640543, 11.519128910913162, 11.703818184485954, 11.350653676355629, 13.558141749977171, 11.619177648809343, 9.239925454706842, 87.99649239034261, 12.119028752218838, 12.49680037711865, 9.497922617384422, 13.575265788607581, 11.856841557405223, 9.993345063380264, 10.151074501066509, 11.845554026024654, 10.772356634605904, 10.08842700760923, 11.45057919237421, 11.980295379047226, 11.40961979450449, 12.929239100380446, 87.38181946183818, 9.991385722132467, 11.086825505276563, 10.673904860750786, 11.959272205952168, 11.250919636276542, 13.283441827928542, 11.393799562362434, 10.406412990476753, 9.55762014971373, 9.221584901712507, 14.67060316988265, 9.483332752398063, 8.550188189533381, 10.595008140692112]
E[shakespeare] = 14.6612
sum(lambdas) > 1, normalizing by sum(lambdas)...

lambdas = [0.08333333333333333, 0.8333333333333334, 0.08333333333333333]
nytimes = [12.537705951553525, 12.386120058042374, 11.840349682094677, 13.958849371055887, 15.413958098313193, 13.31792825437685, 17.974547498522025, 20.968738392031497, 19.53137192493269, 13.42195167281116, 13.587883435209713, 13.033648341875422, 17.658482794673276, 15.94795863095404, 11.653602752772112, 13.565326235982633, 12.179982301312867, 11.329005449881983, 13.220197675800467, 14.688643899896398]
E[nytimes] = 14.4108
shakespeare = [72.66690884572812, 11.503865333427035, 11.601856006870175, 9.863942261503006, 10.288677483262012, 10.656621893939084, 15.759378210761056, 10.898949504350927, 12.132336790131534, 10.393407763442942, 10.750597626085101, 9.499142943311872, 12.020614358913262, 12.833361507063623, 9.789786960618864, 77.6293371827999, 10.198689675912776, 12.049352868150658, 11.729454912157543, 11.915826148574316, 9.937806984368299, 10.343468827322189, 11.506671739656657, 11.338534513409641, 12.836653429420526, 10.787569839905087, 11.748144404384846, 11.87303424890699, 9.99168366911779, 10.934380127635928, 61.7500498607947, 10.600920315024398, 8.450694537506456, 12.192821189108752, 11.031185672051498, 11.209704005284449, 12.502227144497894, 9.075040754984034, 15.507904497121576, 8.702056909319094, 11.826848747218477, 9.68598902232216, 11.311078052732213, 11.152530836055202, 10.075871338092359, 119.95834355103622, 12.325868703145137, 14.231308697814294, 10.715509982248772, 9.69203974365944, 12.4223900232184, 10.535369153621392, 12.38161967429442, 13.127543009862022, 11.180945418101512, 11.323246277319342, 9.535810842308743, 12.194500539555191, 11.578107524529484, 13.429178241483278, 113.82887260729296, 10.475564917080606, 12.065812294537684, 10.439844630178037, 12.688085276098269, 13.525952745099003, 9.664723848682973, 11.957383725842746, 13.239202975601353, 11.906361838541137, 13.312882736316974, 13.763297149714647, 11.02340127300411, 10.39506934482397, 12.553690098639711, 25.512423889639074, 11.219258848795011, 9.901656929806387, 11.985689195078999, 12.644339860949405, 12.882322001470683, 9.386174037728978, 8.399238469453556, 10.817492083231707, 9.687978173895218, 10.365924308429728, 9.811675390328446, 11.137941486601356, 12.890898384543798, 10.687791533594927, 32.99869013981067, 10.831842570610489, 14.841964106129497, 13.123369046900981, 13.808786572426255, 13.043779631295404, 12.221481747477236, 12.142981066834503, 14.89325398276436, 11.760468556619907, 11.853358658995948, 13.545921213569923, 10.355623198038696, 12.993897079618558, 14.931207288356685, 32.605561546191886, 12.952032579952228, 14.215485214429576, 12.052599511663791, 13.615097668658944, 11.472807843172667, 11.691021337027228, 11.357485621109408, 10.14323835003215, 11.067942853077886, 14.645247106190098, 10.20938773526645, 10.557799823248217, 13.113306910462779, 11.997595542908442, 138.03189779025445, 12.264989513370471, 10.872466804082324, 14.18550043246841, 10.01516798036485, 9.638549030234842, 9.496394993018981, 12.54743684772272, 11.866200967202522, 11.751800025399005, 11.719948707057632, 9.507277037656976, 12.827892419448345, 11.612047425905004, 13.884753975104715, 80.88829423804347, 9.388692222670826, 12.388757710394447, 10.879287992654776, 10.696610192558717, 9.993896418143098, 10.931873500196506, 14.008723302320547, 10.509998063707393, 8.412948640577035, 10.970595495546222, 9.561198651809, 12.197493879948663, 9.273264287026109, 9.458245301659208, 52.90996568432776, 10.245120966573552, 9.885791745330025, 9.50650467363659, 9.380331391646632, 11.673536954726368, 9.40754380450479, 9.359046597629867, 9.55456644143405, 9.836427037848566, 13.263033077818111, 10.056399214246978, 10.993709190255093, 10.500895824945289, 11.087431850854902, 60.195029162203554, 8.764144873369014, 10.828451195506704, 10.90376786787175, 12.542920150773126, 11.107785639461271, 10.363774882970974, 11.783350420126068, 9.628250180066225, 10.797443003915916, 8.855166372997624, 12.364655265715342, 9.908563399078464, 14.379722338195437, 9.593890198946994, 52.74032802252518, 9.579055887281786, 8.550117449944073, 9.78493907166454, 9.779879903316283, 10.242037386174369, 11.013751137204984, 12.855718918118209, 11.340047741207938, 11.575182196069445, 12.514545135371447, 11.731151581005324, 13.492647288487799, 15.026304940318049, 11.351987820724405, 83.49196893118507, 12.775268235158233, 9.919898870797233, 11.69842068929508, 14.956918792755726, 12.088716140681525, 9.93106008749706, 10.99253360776661, 9.774353048683732, 11.736873396723222, 10.727614082725305, 11.699241380898961, 13.003432113475197, 13.491695321248683, 13.37648494007294, 116.58422351236439, 10.071831500232403, 13.214696231298122, 10.667102459153812, 12.095972598136902, 10.045912389042268, 11.9003169980432, 12.618244331165773, 9.665696789590207, 9.223641536388705, 10.588987247706463, 13.685708133709532, 10.011955277977858, 10.080535719271206, 13.437964960740155]
E[shakespeare] = 15.6133
