sum(lambdas) > 1, normalizing by sum(lambdas)...

lambdas = [0.3333333333333333, 0.3333333333333333, 0.3333333333333333]
nytimes = [12.362261354114844, 11.673487909117966, 11.251566586046698, 12.748407042101778, 14.449679338111618, 12.70633012697608, 17.143334580706878, 18.173602598954606, 18.821555143617196, 12.52692197492397, 12.752089665009747, 12.345359727512818, 16.360378059538505, 14.964151221407421, 11.421918162241399, 13.403279031897425, 11.506221713033696, 11.167267545886112, 12.776568919048486, 14.370323856849817]
E[nytimes] = 13.6462
shakespeare = [60.78427985301258, 11.473651736632036, 10.691141422876873, 9.926092489993602, 10.021406813893813, 9.37538091349768, 13.49440578187743, 11.240978345457401, 10.83640306495767, 9.746851662965366, 10.36313226619236, 10.04400836461502, 12.362227484654612, 11.941575378835028, 8.481103474283882, 72.71332710204099, 10.294475819282463, 12.164512417053292, 11.379780756273997, 10.726791914449445, 10.0652748898574, 9.68535974178551, 10.621272265022705, 10.868835705699597, 12.196783778113302, 10.50131893360958, 10.59200527834245, 11.274615601823804, 9.153330005395436, 10.37278963627394, 41.5601647809111, 9.925821403218412, 8.17443768576358, 11.213137647998973, 10.109819693574975, 10.55299977187052, 11.183692744021172, 9.238648298046833, 13.372382138303983, 8.677675235046301, 11.503316067913333, 9.394339843193771, 10.708035842526076, 9.740808005412257, 9.760068882536011, 90.58713082029863, 11.428746423090306, 13.444588182734677, 10.343769873895567, 9.891988057649712, 12.05901074130993, 10.033466208830085, 12.15170184101454, 11.337165465559716, 10.204669873857867, 10.102007094909647, 9.569596010237133, 11.714295311564634, 10.922741887829295, 11.712511624110332, 76.0535989539785, 10.057700229931763, 11.026782019493226, 9.68699340483787, 11.114473217750811, 12.561935605074163, 9.785606098595174, 12.07830148260175, 12.54485020510487, 11.285573636921848, 12.459494417743441, 13.408703323265533, 10.84862491430502, 9.743824536214808, 10.796126857078713, 30.754627126506705, 10.488908441476097, 9.765408603451656, 10.947736262327798, 12.309032014076376, 11.148695510467139, 9.326834959973525, 7.9591783201162185, 10.803312802850876, 9.592017968400578, 10.632617823875531, 9.445394231946528, 10.749597005642299, 10.51354305973546, 9.555228689695141, 34.55945420748738, 10.221195722801108, 12.664247130448533, 11.334585000245312, 11.940974262615919, 12.110373177866792, 11.613305304067513, 11.65046324880272, 13.694102661612195, 11.103316449772821, 10.593622561216582, 12.180827224628104, 9.192575062554008, 11.072322035276873, 11.65293870194255, 25.634620864690504, 11.898556521600288, 11.782042841399265, 10.699192335464296, 12.706997607262315, 10.909201191622042, 10.821558786744246, 10.938097144971522, 9.361028056336725, 9.951476092670406, 13.6957825430138, 10.250335281664587, 10.124226157594201, 11.154011868967023, 10.34089875006809, 96.10413609268137, 11.261696587153962, 10.528058021104496, 12.711092993944598, 9.581989602532222, 9.124137969443614, 9.096193235730318, 12.194262694924387, 11.692082198279873, 10.851085625939119, 10.51805755762803, 9.352159113432018, 11.81973214898636, 10.493855196234422, 11.769768761571449, 74.87645479911886, 9.285002226523604, 11.36675838402173, 10.485097594626572, 9.59237283665828, 9.983246102860816, 9.767642521441353, 12.538514675251303, 10.226950889196509, 9.244862055526612, 10.808955029345752, 9.911173372020293, 11.457689116770615, 8.041500691643236, 8.850398489099858, 55.74625701488053, 10.195581291027532, 9.221626486291651, 9.69295047359158, 9.438849858026511, 11.986098705574586, 9.796919347181639, 9.725238104856851, 9.261819236403948, 9.381154599877092, 13.412039322276925, 10.236400672985278, 11.169753310308044, 10.611324923113052, 9.813470536918878, 65.86388165549988, 8.745553220234765, 9.857244806063752, 10.688227417649243, 11.866043287998481, 11.646740549096135, 10.457870224993187, 11.243943585785784, 9.986271399601906, 10.17960217120049, 8.776353029454892, 11.403516826667538, 9.989157684036757, 11.887317959196388, 9.021083981862196, 42.94288877895374, 8.504079592632458, 8.419881469989145, 8.585136434104466, 9.002378535104674, 9.507287619389128, 10.303656297609352, 11.116836564699865, 9.919537500287289, 11.060761528232465, 11.242531358777107, 10.883121819234097, 12.91515135832522, 11.93786323094752, 9.562491889572613, 78.87440476792172, 11.605478048271484, 10.725080429069713, 9.620410384779856, 13.177226142589872, 11.506583371597115, 9.597192315709153, 10.137273625163047, 10.662222322287288, 10.448657240223245, 9.995814929660119, 11.064126716706339, 11.791447354809158, 11.654339133753655, 12.231237920125213, 98.46270661191893, 9.597160611496252, 11.16011725413708, 10.181525147316671, 11.504164346707274, 10.429075866693601, 11.948553645589362, 11.058114259280215, 9.756143594819068, 9.105474372030152, 9.330768256638413, 13.553117562646811, 9.14688917705213, 8.741853737920772, 10.930890596992299]
E[shakespeare] = 14.1602
sum(lambdas) > 1, normalizing by sum(lambdas)...

lambdas = [0.625, 0.3125, 0.0625]
nytimes = [10.819344710189078, 10.041701016729204, 9.56600965186664, 10.988857606403727, 12.70496813043647, 10.844059196357376, 14.778408368502868, 15.33173347415309, 16.809724490269545, 11.021836123210251, 11.070242118960122, 10.351292638819231, 15.235458117629014, 12.573554273457747, 9.787228332636872, 11.327892519224656, 9.848755114530611, 9.467345958338322, 11.031080663166493, 12.924277321259929]
E[nytimes] = 11.8262
shakespeare = [68.24658284519721, 9.615223122499794, 8.695193315000301, 8.153632503448469, 8.240729846021559, 7.419195340729571, 11.145747087536233, 9.335054653250031, 8.938267414277414, 7.978549444352706, 8.613791226418675, 8.294393619202872, 10.793197137352118, 10.95494623924503, 6.9516059272674955, 91.59189491980352, 8.410430595470201, 10.336290339303273, 9.354910885705284, 9.250065893122773, 8.103850093183887, 8.114528127061346, 8.772704067245705, 8.98703595156694, 10.141945434936746, 8.461911161967295, 8.376355848179994, 8.845295060974111, 7.723830041616497, 8.87771406712311, 42.64354036032512, 8.148344918087446, 6.366090851068546, 9.620080432310763, 8.069408226559421, 8.66614116927705, 9.31551405125246, 7.589394084467529, 11.29486205930811, 7.008089954375059, 9.484476794771329, 7.802839336540018, 8.792760022762836, 8.102926956555967, 8.54366033131638, 114.91018065289725, 9.339397965124824, 10.929434730743363, 8.25192799694619, 8.230246646415655, 10.338140365200708, 8.302947329733433, 10.642891653637346, 9.16982565774401, 8.261444834378416, 8.112105652988632, 7.937502844609385, 9.54460895381453, 9.621150683567341, 10.474783117748348, 78.54860117004375, 8.067905069072877, 9.306277212058488, 7.8604766024811035, 8.977649340774073, 10.4967500458248, 8.164223545842441, 10.285590335497314, 10.874924982389363, 9.263954728895582, 10.418631540275921, 11.388998855029323, 9.130710866246186, 8.10714827293874, 9.091817559185298, 29.700441285190674, 8.488418144964367, 8.083556983049506, 8.728609845228195, 10.153735387803906, 9.152944328042098, 7.500891320958676, 6.199871949467521, 9.115090571631674, 7.914945656986068, 9.233480577667969, 7.513022808716344, 8.637254815770492, 8.563307723850988, 7.834302549373908, 36.1716277053912, 8.350005654582782, 10.910967947200914, 8.913213348631128, 9.833612655302282, 10.065330190277553, 9.710513897078776, 9.787377850904784, 11.881190582513872, 9.07676420230974, 8.946522694731346, 10.649076469633204, 7.0978531413380175, 10.104211787803276, 9.853759690263336, 23.62995084427902, 9.907302720932153, 9.398761330983167, 8.999299633479596, 11.407842798629318, 8.79763983318823, 9.050779975495775, 9.097004864726085, 7.738633064706473, 7.840570778444703, 11.951394728760636, 8.306256908803395, 8.412220094915913, 9.502393507927957, 8.472650390756723, 95.23562683004977, 9.670381396178925, 8.38959844352141, 10.92805233739949, 7.7021955029137255, 7.253729236868145, 7.5637697027204105, 10.354595618414388, 9.750071536137902, 8.905772514081777, 8.356352642588554, 7.66029528334, 10.054762108717748, 9.286841686709181, 10.084971264603316, 76.02468241478931, 7.439561259777458, 9.256533333972811, 8.680913951237432, 8.002824158795036, 8.21986607545591, 7.542637300648101, 11.476513573075763, 8.314355571861634, 7.375728870979904, 8.93033685543124, 7.958471495285633, 9.280996457747033, 6.564226662601234, 7.432983499275078, 57.25543551175021, 8.319726783472548, 7.2822260885685495, 7.73951098308281, 7.688278020846278, 10.34460200117876, 7.811251460510883, 8.124155119369577, 7.5380647606685995, 7.74068624258019, 12.037495994580478, 8.39793404976362, 9.45192999805358, 9.572059348167471, 8.212331392512588, 74.8976836724409, 7.0697950515255314, 8.087725059957458, 8.727439059435977, 10.288015256966364, 10.313500306054717, 8.895730000440754, 9.159346908187427, 8.496154430825635, 8.054304356918719, 6.993404629802499, 9.540883163006644, 8.306984561451218, 10.211353256346925, 7.512231666639962, 42.30026476869574, 6.4504268921001415, 6.702381571469966, 6.536765505729305, 7.1411100016048, 7.594511670917429, 8.811257196313615, 8.695941799481897, 8.164744547143204, 9.258606937645668, 9.098029682864034, 8.969947141316219, 11.759397022005366, 9.85454785897124, 7.898906144524526, 89.44663492024556, 9.08798753837197, 9.06439789876739, 7.745196804976338, 10.948901124925927, 9.67574747048103, 7.946272282114156, 8.076673942436413, 9.076623533357303, 8.341561216467488, 8.19672030522021, 9.200146054409434, 10.04361241288681, 10.735393746337198, 10.808301988435788, 84.36949190598581, 7.654838861060499, 8.906104633568587, 8.42750349133778, 9.864648498295058, 8.611631494353917, 10.250630271741262, 9.36680996852078, 8.072834075753734, 7.366301965169124, 7.446727732307612, 12.156629553780121, 7.31698015708336, 7.23154273811615, 9.516947435257169]
E[shakespeare] = 12.7416
sum(lambdas) > 1, normalizing by sum(lambdas)...

lambdas = [0.0625, 0.3125, 0.625]
nytimes = [15.56323428649198, 15.49682714303894, 14.991727141971575, 16.94455323524963, 18.755327879073153, 17.01027076098701, 23.052254451208295, 25.850127055113926, 24.340173485676768, 16.039964112259497, 16.650207696651112, 16.473262697287055, 20.33445286378762, 20.89754148002427, 15.063039539845892, 18.167980793767406, 15.22292252177537, 14.816552951034977, 16.811328383442444, 17.93550734990429]
E[nytimes] = 18.0209
shakespeare = [56.236348802552044, 14.978512332463803, 14.88484777085704, 13.585120367538822, 13.896805336371138, 13.737189277113755, 18.764641030547455, 15.268921478159884, 14.675833273686457, 13.480848765069283, 14.33426924978702, 13.547168951212344, 15.996443052455518, 14.621777820121055, 12.171622185535313, 67.07324361393067, 14.173751442110504, 15.840501023664787, 16.146509334504966, 14.42063203438008, 13.890468969621871, 13.2793745264324, 14.529887691237569, 14.830014026977514, 16.740612718614976, 14.82606762326983, 15.903607066466732, 16.454036386561153, 12.287781452827556, 13.673967494765051, 55.123453915715174, 13.736228167496286, 12.180850535856461, 14.682663500730794, 14.318828243152554, 14.381406195968374, 15.673276045934635, 12.640013451658751, 18.503709631935354, 11.982753522831622, 16.28258361617288, 12.74752841545352, 14.948331439985175, 13.940519281133025, 12.607739981623146, 98.98088198030905, 15.810316397986398, 18.72311757177442, 14.948077058418384, 13.047934816312218, 15.720932987567688, 13.85422799458296, 15.661577988513319, 15.848451116035829, 14.652594133798573, 14.242195149085264, 12.726545526610856, 16.093815172473953, 14.166705094478138, 15.774927797003507, 84.28146134192333, 14.06641422213938, 15.214512085374928, 13.474519688063685, 16.09182633906856, 16.550826916463777, 13.405359487079311, 15.95538966816466, 16.52272132525944, 15.338258544971314, 16.8822673209598, 17.41262196089348, 14.485179858599011, 13.586143048286965, 14.700443495782933, 35.43031905193765, 14.664251148328335, 13.33277800738251, 15.336980675470429, 16.841451193106277, 15.604255753474739, 13.310947377067572, 11.842741746799724, 14.17055492351519, 12.97569934891296, 13.606055212924227, 13.404972145531234, 15.395641219416873, 15.425819924030042, 13.589931948648683, 42.756536198177635, 14.208631629641815, 16.58450413168045, 16.799985736625636, 17.385113500330387, 17.007020895815128, 15.59472982540095, 15.528673971441707, 17.721914971536567, 15.67479662516026, 14.357525878018722, 15.662616194015214, 13.888582423298567, 14.330327589650798, 15.824614561539553, 39.98909390781197, 16.20188044036545, 16.96781693513441, 15.18337585488587, 15.991252703133048, 15.368731662175021, 14.67798023546424, 14.708527631065072, 13.018268841003996, 14.297471282965377, 17.509644931704244, 14.472622567876076, 13.664354972311548, 15.006429211219695, 14.727768789774279, 137.0091089734262, 14.837226794648132, 14.860920472096888, 16.351396405258125, 13.849571765894884, 13.29539292736063, 12.311060878345936, 16.390938033147638, 15.848504641188681, 14.993866874885478, 15.475202592396183, 12.953645425335063, 15.212322930023708, 13.428172523186698, 16.195851311263837, 85.37059742100938, 13.257947683038445, 15.637650319471934, 14.697320070334214, 13.593973278633843, 13.558558388724743, 14.61496226991924, 15.460211932746878, 14.22337313266679, 13.266717501334387, 14.89001152664603, 14.051462101203766, 15.861660460442234, 11.889760538994507, 12.066776028433031, 62.39187025652016, 13.874117521428484, 13.2639251652898, 13.93000400753689, 13.090857764174594, 15.659348851868906, 14.016082652144553, 12.940513250820363, 13.167407099026443, 12.722316913569468, 16.599799508505264, 14.136184945402533, 14.711054169224637, 13.27817175873041, 13.543332196704435, 69.60042945547401, 12.225703296178827, 13.998309816269972, 14.61749632200121, 15.738569873663044, 14.29262106775919, 13.954140759866785, 15.503269653617949, 13.223563632187236, 14.738598795328011, 12.464242127727465, 15.161652704055312, 13.176043663886741, 16.305246426523585, 12.416283194211049, 59.051248940788156, 13.497045052683177, 12.295538556993536, 13.4812047468564, 13.082146804685731, 13.546049839143407, 13.866735026957981, 16.514570536049312, 13.947200555721121, 14.456230065447086, 16.22273542417075, 15.091430003762776, 16.104900190113995, 17.35651847356449, 13.362225368775366, 94.10676254227536, 17.142049622643125, 14.186900127571455, 14.448462903553342, 18.332910249558704, 15.356261539488846, 13.191650521538019, 14.456250278039875, 13.967104076494149, 15.201290497477759, 13.556398964979103, 15.03208605756884, 16.071421172018372, 14.495960184589308, 15.966042318373557, 149.7970777699145, 13.698443197512123, 16.026052900275342, 13.933090299745311, 14.867930557542513, 13.896005418358362, 15.824073846228167, 15.086220443970245, 13.308186405388128, 12.585935695451555, 13.689959887333046, 16.69566458118111, 13.461463838223105, 12.725225226789652, 14.969589770168417]
E[shakespeare] = 18.7307
sum(lambdas) > 1, normalizing by sum(lambdas)...

lambdas = [0.47619047619047616, 0.047619047619047616, 0.47619047619047616]
nytimes = [12.713317672628898, 11.891223744819234, 11.42020954815359, 12.66200765367437, 14.842389090883529, 12.992207704045816, 17.485447677178293, 17.65977561335572, 19.33812768285852, 12.645526954912157, 12.913648756325815, 12.426804380412019, 16.48431645719499, 15.179292508817849, 11.782241195478004, 13.842450870363232, 11.651402519637996, 11.636914295200544, 13.102765394940938, 14.917566904880385]
E[nytimes] = 13.8794
shakespeare = [56.77693977547386, 11.885816182323783, 10.722278150137285, 10.386543265219233, 10.280051773004894, 9.29239582088585, 12.986600346384185, 11.952541725107952, 10.71092049629128, 9.891365685420684, 10.798917705065005, 10.84259105507202, 13.287173843588121, 12.050284108358673, 8.19803297162659, 70.38230048464662, 10.923453423616527, 12.807717992858738, 12.040742659052098, 10.752867049012488, 10.60385085883809, 9.854277299047133, 10.80805537455051, 11.034273631280685, 12.4459733485197, 10.726851766539038, 10.365192586798475, 11.418459544217123, 9.129055663746666, 10.494616623386062, 37.35823677792354, 9.805983428681692, 8.315553168262735, 11.303526882305901, 10.213716674495323, 10.736147986982306, 11.026378053899528, 9.760789472121175, 13.074880268650876, 8.957982279246439, 11.842520016273955, 9.673411462004527, 10.742163189535136, 9.491365747330601, 10.029505263545575, 82.39788578512712, 11.543358660455295, 13.461835518509487, 10.659740525740276, 10.446379208701218, 12.482599302273707, 10.442729756225967, 12.64935325737642, 10.867641303826428, 10.30357502100783, 9.948564902055859, 9.967910143640216, 12.064300387627032, 11.057660285343182, 11.692673848685226, 71.42191698731277, 10.299971129095116, 11.255022206407448, 9.78927202538273, 10.928702488852927, 12.718600186627082, 10.320960329950159, 12.680956083602146, 12.790411623073469, 11.594458088743584, 12.563167006570438, 13.715520862671804, 11.17871640732553, 9.804138266808954, 10.411403474782569, 51.645188225296366, 10.661884414579488, 10.02196868678855, 10.756619214603045, 12.61626533703183, 10.999687401729828, 9.840307569845264, 8.08886016405938, 11.044742854133911, 9.837412480462902, 11.166048967769271, 9.629949012191174, 10.927291547824417, 9.889924156514056, 9.548265656466993, 49.02853767942788, 10.3248502057974, 12.217023042497425, 11.039374235661812, 11.545247188992445, 12.296330565872932, 11.806601355698012, 11.87567045974259, 13.91447402388976, 11.378677295830352, 10.502331187213533, 12.325209749116544, 9.073111967996239, 10.69732158580929, 10.846211530599504, 31.753395573180757, 11.866953551145363, 11.405712819595356, 10.927158583335387, 12.902711207279019, 11.155521626961264, 10.896572915688921, 11.31956579434261, 9.228085667413454, 9.859586658636116, 13.794804997585743, 10.664458316919246, 10.415136326554139, 10.789141719147281, 10.088381938087535, 80.61443004681031, 11.150746565334861, 10.749760298871252, 12.413164093961967, 9.834333659458784, 9.305823122618184, 9.393198564478459, 12.88164598542939, 12.261008363151584, 10.89891478624831, 10.435839599826618, 9.728731805756306, 11.810156477332358, 10.47167679948607, 11.449776671723859, 72.42538019355031, 9.661860511927207, 11.536889395744241, 10.761952101752271, 9.784992127715954, 10.53901843758962, 9.65608399503058, 12.51097965237648, 10.62783092887859, 10.338678548017125, 11.218221330738206, 10.553001590961165, 11.499982217130455, 7.811588337321896, 8.88920800088228, 71.88440762314899, 10.425190302495281, 9.116181317058034, 10.285799158349352, 9.952714962272882, 12.671791630480932, 10.455710438255835, 10.299184517739219, 9.476896511098746, 9.512715648115522, 14.207064716961685, 10.718272010867212, 11.936875563608593, 11.249782167540687, 9.616891015427282, 81.16670558927473, 9.11494184105766, 9.88055329849702, 11.239956490333629, 12.10921654372866, 12.729418342829621, 11.133884545448778, 11.424915556687406, 10.506233959055841, 10.453868022954959, 9.114875033227156, 11.249723834328892, 10.408887984915584, 11.324075317697277, 9.041754975385782, 47.52622905926482, 8.34663422202673, 8.689704821131087, 8.305185124955099, 8.993661184404463, 9.34874470489827, 10.483607001859703, 10.926137254680265, 9.702432324976677, 11.413171618394912, 11.410688176203474, 11.051015068827173, 13.31639421241549, 11.379038644850446, 9.134536621940178, 93.62982447215192, 11.658654563567698, 12.34450549699647, 9.308712129544398, 13.084610564274556, 11.66649722239422, 9.837074496371544, 9.997621015886127, 11.641057518883034, 10.474285066275877, 9.990373738404491, 11.175450481148992, 11.807522314294731, 11.300917110723464, 12.509181995391662, 88.77039418033705, 9.872205670643371, 10.852638143740478, 10.55733178633561, 11.73880706311285, 11.11116420594873, 12.808592846141122, 10.953016786844714, 10.270737281764958, 9.48492131957542, 9.103618345806998, 14.39138176393145, 9.368076081317174, 8.471097500879688, 10.393863801002546]
E[shakespeare] = 14.5012
sum(lambdas) > 1, normalizing by sum(lambdas)...

lambdas = [0.08333333333333333, 0.8333333333333334, 0.08333333333333333]
nytimes = [12.47074893433436, 12.309109836728188, 11.769981070086812, 13.99462057395944, 15.390701343208466, 13.38825310345079, 18.532502849436014, 21.446480675179505, 20.006087949843177, 13.368352535474369, 13.49189310382418, 13.090911756035783, 17.858199510075828, 16.24096703297731, 11.640111912203851, 13.796491755910322, 12.185304401083632, 11.299306082725442, 13.252527067489371, 14.626640305409657]
E[nytimes] = 14.508
shakespeare = [73.13346684909332, 11.31630469471095, 11.543686378491161, 9.823248215351859, 10.225481035364496, 10.594974999738895, 15.448930459622556, 10.853163823246774, 12.077362028599646, 10.343005154169436, 10.671659872486043, 9.464441134798875, 11.951897774887245, 12.81660809973867, 9.687800736028592, 78.7284955593281, 10.161187913209748, 11.999426869721598, 11.617468231886457, 11.854114732720243, 9.908207831434247, 10.304420688644615, 11.450948381615056, 11.281176196408339, 12.86064882142715, 10.740395346702577, 11.609369607027688, 11.78386594057375, 9.913947892098507, 10.912887513035377, 58.68827380908494, 10.551137567624957, 8.418110200546964, 12.150592994973517, 10.972916525446662, 11.038741754683198, 12.325331394739997, 9.029456245617702, 15.403441608996582, 8.673245106888736, 11.764232655646595, 9.64048527224901, 11.223771357419075, 11.125515750845354, 10.076856411194163, 135.25729357074954, 12.250957508937368, 14.091545127049422, 10.629847071350255, 9.664271030251976, 12.353234132791448, 10.46135158778089, 12.312014009599796, 13.049064332417752, 10.959454840528217, 11.276141953469159, 9.509704612708942, 12.108721262747654, 11.479011259461762, 13.151759114640942, 126.95615914560713, 10.435441579481655, 11.958256210537689, 10.341303056785858, 12.572616700794567, 13.257091538143799, 9.627976602320919, 11.885467136657148, 13.147174136643363, 11.85151393772324, 13.219978053556021, 13.685592958116047, 10.984306607262608, 10.36306423866098, 12.503576259942506, 24.830496713352108, 11.166170712265018, 9.850797941535863, 11.9184461977915, 12.571559311467304, 12.763744508961999, 9.343428743798741, 8.368610000854657, 10.759968506361023, 9.64534520231926, 10.329951376673197, 9.78072192408391, 11.080163683045363, 12.828422489422163, 10.560236862923341, 32.25678440060623, 10.805146745115774, 14.76591170099046, 12.997402712613003, 13.661790389385407, 12.932932038523598, 12.131092650961207, 12.049325695742866, 14.75630761931625, 11.683180684568468, 11.711527974440548, 13.483277082647259, 10.174141116737882, 12.954535671400617, 14.840870986311211, 30.483073578156073, 12.828645181170792, 13.920925743755406, 12.098437969996677, 13.614970255636988, 11.410145549657072, 11.631001816513567, 11.308805674088502, 10.109564306238607, 10.982399313561915, 14.537321640995737, 10.144085465096188, 10.52411828495526, 12.977275384279219, 11.893658014538124, 169.369343084704, 12.206727538727533, 10.833744957167202, 14.107126141364718, 9.967736947458572, 9.605143255730269, 9.464372964085001, 12.499794700366147, 11.75615823811544, 11.680526511983842, 11.57760181630994, 9.45849107495585, 12.76863668893168, 11.562776496952214, 13.76737018414544, 104.59668676091498, 9.242693192151407, 12.319251317264426, 10.88887707682244, 10.71697422472529, 9.843009627714242, 10.822336823339072, 13.948085884581927, 10.47040663148546, 8.387546279898924, 10.923263093233722, 9.519120187988744, 12.114404509956206, 9.257703219037785, 9.387360005070596, 46.75420005473122, 10.208030300339416, 9.844181437919088, 9.467354478135452, 9.351681829229268, 11.592281001241268, 9.367522252326921, 9.330358336488008, 9.507489358305103, 9.786910703576238, 13.17590437084256, 9.999789425333386, 10.951087591715135, 10.572853484891297, 10.998653710036566, 55.28893475577168, 8.725560525587966, 10.76889764077799, 10.841238663242953, 12.467572026191798, 11.07424061785843, 10.32228873426156, 11.726365946952217, 9.598231953091602, 10.722138834263188, 8.828811484656397, 12.309685866716954, 9.877056221233293, 14.248462910271899, 9.570248560292887, 46.910760671015225, 9.537838887983503, 8.522900370757457, 9.68705997892716, 9.729903129395533, 10.203749111321187, 10.816357968962267, 12.75607375406179, 11.296755719111335, 11.539072078879336, 12.402653024232551, 11.609248785231896, 13.435779714298405, 14.975605868386701, 11.35277553429241, 83.23264807808702, 12.592621049993438, 9.877444264268362, 11.616647804818683, 14.759911342682736, 12.038712252849873, 9.87288662597529, 10.94040480549431, 9.734568966810372, 11.6292735039365, 10.694421336405776, 11.606643582514502, 13.05850408528367, 13.469043553042896, 13.2024175576178, 162.3164190954367, 10.031657556712876, 13.108340821114668, 10.625088010819491, 12.041254075451633, 10.008443539308539, 11.783700237697778, 12.401826904495024, 9.629313404600266, 9.201907390495558, 10.54271557749867, 13.607990138945885, 9.963567249719924, 10.05638225264049, 13.372114119047508]
E[shakespeare] = 16.0227
