sum(lambdas) > 1, normalizing by sum(lambdas)...

lambdas = [0.2, 0.2, 0.2, 0.2, 0.2]
nytimes
[9.495981742911452, 9.581472941370647, 8.862373750709487, 9.523792813816955, 11.688145867779175, 9.49386568406211, 12.78212517760296, 14.290477106001408, 15.768952293057284, 9.677966396150325, 9.862086391122885, 9.126472130583743, 13.250716772484873, 11.591428788941387, 9.342834547943577, 10.350619119401122, 8.793491475272747, 8.306795062437839, 10.156365696472674, 11.679492573634116]
E[nytimes] = 10.6813

shakespeare
[62.941900971078965, 8.094593198209438, 7.5464533024390965, 7.178222709176415, 7.633868990115561, 6.271260785346882, 10.221053856349869, 8.687528251789388, 8.060711555407076, 6.870745244130571, 8.414087699207395, 7.472704946286449, 9.72198416787534, 8.646305917299058, 6.491768701217365, 70.33869368369926, 7.652784148905666, 8.389449944037448, 8.75814782744257, 8.8587436749068, 7.1070148830942035, 6.9677812327344935, 7.940336258219983, 8.384690630894958, 8.13141431343051, 7.088832753267786, 7.921215896992089, 7.337615100905972, 6.613746984040185, 7.809512073229559, 47.022655269193024, 7.176402260070975, 6.11244995096855, 8.456626741723621, 7.029273203958676, 7.829353021724018, 7.763755714160397, 7.133677629426178, 10.736014725189204, 6.224591973329153, 9.292519289312375, 6.922936287563284, 7.696065841072074, 6.617094142920791, 7.607136093732532, 79.00235829501011, 8.58136661103773, 8.817098665809793, 7.542519194137458, 7.55513240346378, 8.239460532801662, 7.596452008964294, 9.153816893779137, 8.59671738305169, 7.587072591694342, 7.060235014069107, 6.683270235495944, 8.238889441747334, 8.10297007439525, 9.4907813175381, 71.76172748318517, 7.238901646835381, 7.980477812484273, 6.641802865102686, 8.106026864480816, 9.447703983050596, 7.062747954138379, 9.399931768491772, 9.238678198022003, 7.9631907674469184, 9.730687119427252, 8.279923341050322, 7.2275311242113105, 7.065346165770919, 7.780447886691521, 35.45723576472078, 7.982077164735231, 7.4598791961558755, 7.918485154939616, 8.191707271031094, 8.492586375482606, 7.128679265626553, 6.133756595948252, 8.784557211908588, 6.947363774108016, 8.791688374962705, 6.4369624889604635, 8.269230680368501, 7.896207017110985, 7.441843413513968, 40.48277551129861, 7.067575949743156, 8.936563576325787, 8.443917246154783, 7.54974638426138, 9.418925220875867, 8.080438191393577, 8.09846195392593, 8.587294739493743, 8.2658907853182, 8.506813563191262, 9.396511406361542, 7.113642369978659, 8.697290024499702, 9.479844217494877, 27.85702234606435, 8.499307171618506, 8.893426308020278, 7.776942177673527, 8.253425169334756, 8.346277265358738, 8.202317009642366, 7.376647957717265, 6.70020620466948, 6.917376350972897, 9.986283374520967, 7.140592466674486, 8.34049816597056, 8.004564130900812, 8.464159640822267, 79.86601022977159, 8.476265950619409, 7.923223250686101, 9.662895208362684, 6.962544382079809, 6.469664848671443, 6.819245842267426, 7.844453787926765, 7.239327926373777, 7.884224377787699, 7.330902286895898, 6.594634534936602, 10.334952846953803, 7.845714685364673, 8.510044292040273, 70.95913817341247, 7.0241706562179855, 8.391979691576882, 7.921287363233824, 7.790839548659003, 6.354387257469541, 7.053319390505034, 9.0245773951337, 6.62658199128367, 6.686453489180469, 7.92166511505297, 6.812912285529224, 8.418060887803286, 6.595959198546733, 6.473522769304122, 58.46102375152005, 7.738390385690942, 6.3502789888678715, 6.697063450638581, 6.766830236097915, 7.903674274820678, 7.662723942208627, 7.0482259466861885, 6.462516515647433, 6.743716628122253, 10.770267180912105, 7.764005874940297, 7.5863248315887155, 8.558835613249672, 7.260626887417808, 64.97660177613103, 6.025047321839735, 7.6065090254141605, 7.864064784699858, 9.569085091386603, 9.22711273281709, 8.190583410020924, 8.526290692378703, 8.244860408636722, 7.235173803698376, 6.662458693700443, 7.284759641956745, 8.112965298648728, 8.800169382584283, 6.818212459460748, 47.833783744257424, 6.114458103903861, 6.544611810074084, 5.9564944329632175, 6.612144399148483, 6.281407008001798, 7.336711846707625, 7.315117615149454, 6.661096891941469, 8.678905763827336, 7.229777411561711, 8.040224186043227, 9.459744303994665, 8.9340481186221, 7.159523634561391, 71.13924878510393, 8.192802327266559, 7.9018586121783745, 7.243349872340011, 9.470458489620691, 8.194360590434304, 7.553807160712947, 7.014403303533728, 8.62598528975772, 6.776253375514224, 7.5622221308708655, 7.409327611658192, 7.6820816472471085, 9.051985006956953, 9.38416355985796, 81.29716799509596, 6.582639038411576, 7.159107945118825, 7.6498672368950835, 8.08361535532458, 7.399400796781209, 9.639347110675164, 8.701601669681578, 6.927884014758447, 6.823889519713066, 7.003362259380322, 10.262617963614895, 7.145997858313528, 7.088496492029362, 9.003072454755364]
E[shakespeare] = 11.3486

sum(lambdas) > 1, normalizing by sum(lambdas)...

lambdas = [0.5263157894736842, 0.2631578947368421, 0.13157894736842105, 0.05263157894736842, 0.02631578947368421]
nytimes
[8.555297077863832, 8.961938549931372, 7.940779180075343, 8.46196482953784, 10.986013860069058, 8.332774419466821, 11.592595464455236, 13.188845306891285, 15.284850563515445, 8.833383770558868, 8.962142600256493, 7.957129025701894, 12.678071090054376, 10.456746656355705, 8.599374112858346, 9.32374935552895, 7.823632590972803, 7.239355513019601, 9.188574385445271, 11.152394784297817]
E[nytimes] = 9.776

shakespeare
[67.03679533151274, 6.589869901971226, 6.407227600459953, 6.058257191492094, 6.550099413062756, 4.918428317832214, 8.70543288691541, 7.551953032544428, 6.945824224600609, 5.619420111631728, 7.770708038144579, 6.274915278908538, 9.188030791572428, 7.572834930777073, 5.600765884047112, 70.25646616315932, 6.6185819361577956, 7.260199080865493, 7.99007386597715, 8.058878431234707, 5.989124350346544, 5.718679500379119, 6.944311468609761, 7.283028266983992, 6.959253203143496, 5.6685301237097665, 6.738798907643607, 5.918763312554881, 5.638573768407669, 6.864135007502287, 52.06991475301432, 6.1278989921075455, 5.022286058715072, 7.414706338653003, 5.733738105820776, 6.615020051501728, 6.4435768162323335, 6.269110232996185, 9.78942080999463, 4.924123736108125, 8.24289417293907, 5.750303926829374, 6.296081930780805, 5.50602190491638, 6.84364679883747, 71.78690216284556, 7.283072531500643, 7.223948269064341, 6.295407668921433, 6.596184847504086, 6.80383350132673, 6.691430957162292, 7.907059085411861, 7.220074971933857, 6.755470319675174, 6.0467565014094715, 5.546016842099498, 7.09777619893614, 7.468236400374921, 9.348446515171212, 68.82336096331976, 6.086781686816422, 7.016822523305821, 5.400063038694619, 7.15420695265237, 8.502135336413192, 5.844071281519218, 8.414123517945518, 8.598030514170242, 6.8258315969706755, 8.360011530899666, 7.017108518786623, 5.938455854764628, 5.88409460053461, 6.672258867859927, 49.16718413352169, 6.986805962379578, 6.378649143398217, 6.695056757617249, 6.927541646064367, 7.474635713959765, 6.194654620045398, 5.208754335105175, 7.909657097550386, 5.746836036687951, 8.280365714039055, 5.174434244938497, 7.147422194361654, 6.93596590621514, 6.526475139602507, 53.15299609254444, 6.017609199477794, 7.54684409442693, 7.11113019872371, 6.1833667687879315, 8.606320579586255, 6.593862682858089, 6.854150478137593, 6.621115023365602, 7.222733551025283, 7.864887469981604, 8.54242967549659, 6.170836890946789, 8.388253918787337, 8.810629306473002, 37.29237888853475, 7.033525669099128, 7.931700591795923, 7.062199258542928, 7.093871898862473, 7.280484328679342, 7.030802699959531, 5.8919082019952445, 5.442313379021683, 5.722899363145775, 8.818924171480147, 5.795072783034426, 7.6180586534306345, 6.8612346881069906, 7.66062301338851, 70.84385832899147, 7.368560586465057, 6.77796761107853, 8.68249503220262, 5.973681184245041, 5.395283392181314, 5.79076971767924, 6.583252122443966, 5.597140470626409, 6.648158554612245, 5.987740648939049, 5.509449138421258, 10.147266533804645, 7.104740800324776, 7.686811255951059, 68.53632633192125, 6.031958640069035, 7.248633211308557, 6.773802796012033, 7.388494695273079, 4.97116147415861, 5.857920589085569, 7.8783506221480595, 5.3077957659678034, 5.4296329390013325, 6.942047791660571, 5.530266758917285, 7.417067491485577, 5.875394685716255, 5.631281442930583, 64.65494879742951, 6.615039157052817, 5.1766001289625345, 5.612101739028191, 5.586575100442289, 6.683737954911943, 6.676680001348014, 5.906525247085102, 5.421833610955669, 5.506675099961851, 10.140701910937107, 6.626042803424548, 6.245648280409797, 7.808311358190239, 6.312900686082374, 67.60175409293136, 4.97308265616709, 6.613084353276773, 6.790664507536824, 8.7828507535219, 8.454521060657479, 7.965758392331545, 7.43161657964132, 7.440546666039864, 6.134320771306283, 5.821569501862176, 5.877338761964027, 7.243570343549171, 7.662723326036041, 5.834806402323687, 53.6073185717, 5.026384580553059, 5.661952793158276, 4.658173202835847, 5.508504879840247, 5.124707577181144, 6.093151874522295, 5.9479644484164504, 5.520110506998958, 7.667234757913668, 6.030566504840762, 6.667175040804228, 7.965657539312354, 7.950758194157054, 6.021649719271991, 68.72112378285001, 6.890790966950454, 7.091681355783699, 6.281815380460908, 8.18877577880612, 7.017623686063684, 6.702910709379142, 5.701497119241858, 7.987006876678246, 5.488096537761903, 6.444541005522247, 6.0614212454659455, 6.15863351992564, 8.275294648721923, 8.63770148636232, 69.83747555054335, 5.413582660328582, 5.632118367701548, 6.6074094466596565, 6.742811583259676, 6.157320137432763, 8.970393674381201, 7.863977678035296, 5.666955114582836, 5.614545851685446, 5.781486816112692, 9.35060424266371, 6.2257084767202, 6.443971866103364, 8.602213566938437]
E[shakespeare] = 10.4527

sum(lambdas) > 1, normalizing by sum(lambdas)...

lambdas = [0.02631578947368421, 0.05263157894736842, 0.13157894736842105, 0.2631578947368421, 0.5263157894736842]
nytimes
[13.086284402993027, 12.895129493761933, 12.405191475994226, 13.594305297842565, 15.64168888290802, 13.695336095261311, 18.148344681471464, 20.25954667252927, 20.237403341478693, 13.296271948433143, 13.66135095551131, 13.28095263828785, 17.106489836464164, 16.619514232779327, 12.676235136316823, 14.682553883523743, 12.402686259062115, 12.064468643512177, 14.02858416063117, 15.3215666983455]
E[nytimes] = 14.7552

shakespeare
[57.18262545159755, 12.243176736459258, 11.542436638439579, 10.907618725899686, 11.247876832822936, 10.38324370589739, 14.957465147948211, 12.596761723255426, 11.780200797377429, 10.672325218935539, 11.764429200897753, 11.202326484644049, 13.301121985907983, 12.113727217242216, 9.631702889708249, 67.4283984547546, 11.401406017008714, 12.568627387535473, 12.781360732052187, 12.046030524519674, 11.004336490493763, 10.649045531560462, 11.642262443607276, 12.14164409758376, 12.703716689365663, 11.377771479872742, 12.193104458558153, 12.222949822273197, 9.861001541373088, 11.2003752621433, 48.365491751518, 10.704203684242124, 9.542542974887748, 12.057986874399568, 11.165312645745034, 11.710200724671873, 12.013031690089676, 10.373895327310251, 14.854173178100472, 9.705922711334791, 13.147513935110267, 10.262151080148156, 11.793029639095947, 10.436159594310457, 10.4504929665572, 89.15823605332439, 12.72015950396066, 14.216583776767045, 11.701409000404848, 10.867335869112255, 12.592700338404667, 11.07774288258038, 13.010611771000354, 12.694200211597048, 11.315703134747022, 10.78261239356538, 10.224965981196714, 12.515305237728798, 11.46712359317451, 12.65904484377069, 78.15436883822582, 11.108079618260467, 11.80880006284514, 10.457333713022367, 12.27654783228246, 13.35635150667849, 10.794712656397571, 13.249552955747877, 13.078191412858416, 12.137472935245613, 13.960585095621497, 13.12844987675227, 11.206984170471685, 10.756886335966486, 11.583286184377952, 35.33961699682934, 11.777558754203561, 10.906819376236381, 12.093378369353289, 12.933257900749018, 12.397197436047527, 10.603582069979126, 9.329152046274954, 11.942922707045556, 10.411048132036647, 11.617676337068783, 10.382636805228099, 12.198044152696013, 11.79801463432925, 10.84585852645914, 40.807921819671996, 10.959056305209725, 13.183528475143941, 12.936414905391839, 12.38792265959548, 13.542242951111714, 12.345169561139326, 12.230407092437519, 13.739237728712164, 12.431446080919278, 11.743946602881346, 12.969465426806506, 10.773368617189945, 11.58260327900486, 12.850501443108278, 31.863422948725685, 12.93855196440814, 13.195083658797055, 11.577124240288592, 12.50307545446267, 12.324150085285329, 11.96247666117694, 11.667204821505742, 10.286629931825813, 10.890777045704246, 14.283993445632595, 11.242153893177434, 11.419132410950999, 11.890740380656235, 11.923209770149544, 101.71029335867999, 12.090437444479385, 11.875186047033967, 13.422418993822815, 10.762443761000203, 10.203150196836429, 10.011541841062494, 12.423586910497052, 12.081387763129994, 11.867362027816583, 11.668493339691041, 10.23183684342029, 13.152956721384129, 10.928115776337442, 12.442092086328122, 78.53879604226502, 10.597054975490213, 12.450409947604856, 11.781976933316082, 10.905952724357565, 10.485437440595206, 11.164269433076877, 12.70683401191863, 10.816165639665918, 10.593930728583638, 11.675384430728839, 10.923484632805634, 12.421145535090416, 9.400692618468154, 9.617030186838434, 60.91172438842506, 11.333816182612338, 10.113663239402847, 10.720735186161402, 10.435402619261357, 12.290551393312898, 11.38032323803566, 10.553815800335665, 10.093510409830634, 10.219603023477202, 14.243655657267126, 11.459423549687488, 11.741598445253024, 11.473430856395675, 10.749311330200625, 68.23654389225513, 9.523415681592038, 11.139370764735547, 11.759148497423357, 13.099787450405275, 12.372139805719343, 11.383652548955203, 12.513896460097751, 11.257524781426179, 11.384523016944673, 9.961818559148542, 11.559517433083853, 11.188207547722218, 12.88594683504633, 10.005151835322712, 52.18388365420252, 9.929220515207815, 9.698792254714254, 10.000790629463395, 10.17767796697735, 10.152123667462702, 11.076752475305971, 12.060942897367037, 10.634753406114044, 12.192791165282204, 11.741793693651289, 12.117144907581093, 13.465843939996898, 13.295856697904867, 10.647417393585847, 85.11519024124158, 12.878681897854387, 11.525196053581633, 10.845222267388994, 14.300283655464163, 12.274434914686294, 10.802141110519775, 11.106130080124158, 11.827179538442767, 11.195749964622024, 11.09217905689823, 11.647411373060184, 12.182975753220578, 12.094520583283733, 13.038908449690325, 114.4134289221355, 10.562866444206138, 11.837349673695137, 11.258264022743464, 12.096901357728227, 11.264798421361913, 13.139103481807433, 12.249965689867944, 10.697651462562364, 10.277735053708852, 10.691364413009572, 14.077683340920476, 10.555846249091818, 10.062558046025641, 12.034758071788422]
E[shakespeare] = 15.3506

sum(lambdas) > 1, normalizing by sum(lambdas)...

lambdas = [0.6896551724137931, 0.1724137931034483, 0.06896551724137931, 0.034482758620689655, 0.034482758620689655]
nytimes
[8.87333323068089, 9.401866986130559, 8.184654502663902, 8.658225971581523, 11.43859288073865, 8.527391366964318, 12.022022709582323, 13.815954222325598, 15.83262844699632, 9.160357960400662, 9.328128557429823, 8.194126799186156, 12.995037893607492, 10.821764853315335, 8.89783780515791, 9.527341499733662, 8.019255998271632, 7.429832905877063, 9.483561038831008, 11.698320900953378]
E[nytimes] = 10.1155

shakespeare
[66.57134891680612, 6.61132322779475, 6.56562532365986, 6.244915148999068, 6.710291465878026, 4.9124808626691925, 8.880670393439985, 7.7744030881511685, 7.116884439930618, 5.6311339239244385, 8.202549190467229, 6.293734584025565, 9.778115861668152, 7.546682468658575, 5.696763060601109, 68.50898814723257, 6.772540030048707, 7.460694204376179, 8.406022750747884, 8.391959202066264, 6.139637149957919, 5.683979438314884, 7.123966673009464, 7.427286958017123, 7.192869933889602, 5.678296043732881, 6.921341244309732, 6.052448239156778, 5.706088149746915, 7.068090602542979, 55.641543314623036, 6.234663459322347, 5.035178678442204, 7.607493303542675, 5.778316884920648, 6.788690808061808, 6.535599082249915, 6.45456634959921, 10.236012425532216, 4.831517923420433, 8.462022855387493, 5.742391773573273, 6.327736625830624, 5.479384972295948, 6.924354856895591, 69.71716398457545, 7.3231549612591005, 7.483641018647952, 6.410035994322434, 6.800884151561268, 6.865672772313689, 6.92917456690311, 8.090962974372136, 7.338096141564675, 7.106945621836092, 6.190265579038169, 5.6097986701834035, 7.270598223497562, 7.642680731986088, 9.866215343426191, 68.08929251701215, 6.167804780226191, 7.18886833325947, 5.435515120935071, 7.5217808598480325, 8.895999210103644, 5.901465374444042, 8.531396251565504, 9.001847386880474, 7.042906545185935, 8.472757153849473, 7.187499562992013, 5.888267311112243, 5.903198381390185, 6.7246888202896145, 53.441783662586445, 7.223090589137113, 6.507289464525245, 6.824319546606144, 7.178853396715679, 7.760569042808405, 6.327342770686703, 5.285469324569564, 8.09584232858972, 5.766475956640126, 8.682391294614472, 5.237641825932691, 7.280571923450425, 7.200760016322985, 6.689758702724505, 56.554462053001956, 6.179538072223038, 7.588462997989409, 7.2694785855032755, 6.24390963828981, 9.14370910220839, 6.524443211370401, 7.006920262226832, 6.458192645100112, 7.500229109850893, 8.17279497909983, 8.943564733125159, 6.383391147709271, 8.773615883361263, 9.169753689488248, 42.96307579477731, 7.2123032643966845, 8.547167473244098, 7.33332969094839, 7.253729822703796, 7.577527238548814, 7.146774975493517, 5.877628054841267, 5.373735440850616, 5.785126245991866, 9.025997344709765, 5.773059812952263, 7.825702450391932, 6.974767995166685, 7.946888700072621, 69.35689193000762, 7.428820695994388, 6.957367554642927, 8.82858047234398, 6.146090777969576, 5.444538986540708, 5.920063642083224, 6.645074787961716, 5.535711287075032, 6.736216753312737, 6.013371130733952, 5.597841101265478, 10.872517957758493, 7.206347367750312, 7.946185154517859, 67.93144449141971, 6.182477140969896, 7.428939651358125, 6.8997231892525, 7.782979164782753, 4.8944610286465196, 6.028795152761999, 8.129616382428456, 5.350584121690099, 5.414168341894347, 7.161680752458739, 5.535222118677043, 7.756071822026841, 5.9559621266643665, 5.76547634693657, 65.37420388172586, 6.741341895251863, 5.282561977987557, 5.789637281561189, 5.621598993783374, 6.8727490746174285, 6.9096536679458636, 5.971848357006955, 5.558891984639009, 5.503927458640896, 10.574576691012075, 6.706669330323268, 6.267194192842709, 8.04042846137271, 6.44142757514754, 67.11599745142706, 5.005329965621594, 6.856679897636052, 6.988845154088749, 9.156636776318262, 8.667625170491657, 8.535483657948182, 7.722724609174208, 7.648827628105781, 6.343912855701654, 5.987551073860149, 5.908058680050752, 7.479372863384359, 7.895279313018356, 5.864276550799962, 57.05998341742684, 5.144804667122824, 5.754346468440569, 4.663508315263096, 5.559127021145778, 5.204681619026503, 6.082498080571028, 6.105476351928729, 5.590715828430639, 7.9572013787609785, 6.179806630334665, 6.75416727593729, 7.947911129382024, 8.231330504377285, 6.048318704532613, 68.01100171012038, 7.14310930751691, 7.372901704949586, 6.4418031586790825, 8.532575331879707, 7.235003697749909, 6.908952662334348, 5.804745028891495, 8.351525387587337, 5.5860790482662, 6.585363260122337, 6.110718432765315, 6.096218870115784, 8.456835261886871, 8.964844302831233, 69.18258924574668, 5.467087035814086, 5.561003755331487, 6.707395167162191, 6.820219787203074, 6.211193826786777, 9.220345076440363, 8.230442501016833, 5.709836612371482, 5.580892934487047, 5.775586759731196, 9.612633258674116, 6.353491213097688, 6.634296338141508, 8.979619137532035]
E[shakespeare] = 10.6551

sum(lambdas) > 1, normalizing by sum(lambdas)...

lambdas = [0.5555555555555556, 0.2777777777777778, 0.05555555555555555, 0.05555555555555555, 0.05555555555555555]
nytimes
[8.73945589489751, 9.207605592920249, 8.10746339224053, 8.607951872033977, 11.281017486371194, 8.468878743049125, 11.832159890818472, 13.674677107879102, 15.620061508822966, 8.973316406048115, 9.167985920414527, 8.136333571339886, 12.896189499717703, 10.734338513283623, 8.825891172804795, 9.433710969550612, 7.957979626900777, 7.3842775581294635, 9.40133085888084, 11.484956913597536]
E[nytimes] = 9.9968

shakespeare
[66.03750390966545, 6.672662260241116, 6.547233922080782, 6.217529294949045, 6.724113970041234, 5.004813783896676, 8.84204505251133, 7.706645599468808, 7.1044990304039555, 5.6844814550557725, 8.014332476842043, 6.415534577135061, 9.412346272814148, 7.537519824690549, 5.7186839311981705, 68.1076048258401, 6.704136456738011, 7.407284973180022, 8.188559441352036, 8.285278603215026, 6.114800860602986, 5.767887843475023, 7.102690321531865, 7.480546691210033, 7.149419500433726, 5.777974345009509, 6.910107169135043, 6.040896835026767, 5.689778171848949, 6.977234002875381, 58.591693554049606, 6.221832140611774, 5.135075793408887, 7.517015383338238, 5.8114839434742365, 6.778667508189316, 6.5497893787913775, 6.442239714270453, 10.13619719325351, 4.959672873271051, 8.395771559739766, 5.848541307747685, 6.394765870588543, 5.5396476596608535, 6.895315689362688, 70.11490959210748, 7.410128652310724, 7.489745649504406, 6.402552470184885, 6.750703903258077, 6.888554871123996, 6.871139973001476, 7.994871087855885, 7.405886180582866, 6.961310450027063, 6.15567763872169, 5.60805173298397, 7.246071151717543, 7.597981865471054, 9.554006340931531, 68.476999687243, 6.180546408487741, 7.088754546363673, 5.48832161372485, 7.428411219810745, 8.726081886780305, 5.954901649607322, 8.540074432341644, 8.720146684958971, 6.937434987897347, 8.53748032713008, 7.109067297978724, 5.98202875442661, 5.931857668648148, 6.690367559689122, 49.122623638568406, 7.114321369490679, 6.5040125361861545, 6.855985583847387, 7.1091202647172995, 7.632466284623643, 6.302500156428124, 5.338429175705739, 8.086180440457435, 5.821901002376861, 8.495169359178043, 5.252491606089848, 7.2541485801597245, 7.09876791763815, 6.688036680250497, 54.28103774593066, 6.141999037539553, 7.554240851430453, 7.260069462151408, 6.254607273081303, 9.032497055606685, 6.627805473933281, 6.992169077062299, 6.6334928616949265, 7.453294810338241, 8.138328543013126, 8.715389002961, 6.40655963968319, 8.441160476210774, 8.997463855786522, 38.250232820931664, 7.205809098101477, 8.241531374778791, 7.156415463947229, 7.196692241267074, 7.492254922379217, 7.220211637313335, 5.956172991161451, 5.504719412347451, 5.841809118251696, 8.907718315737508, 5.8512661826116705, 7.777504111454622, 6.95885907341306, 7.891517340158568, 70.08311659821851, 7.502064240965949, 6.9470239153174935, 8.822114943687216, 6.056172471604123, 5.5025121669415356, 5.875837377018041, 6.603564555276812, 5.656612187194797, 6.754519148743975, 6.032788891073081, 5.670309309581193, 10.61341295820218, 7.174920993003308, 7.826593242791507, 68.22676286957974, 6.210701585209176, 7.402272081481927, 6.954142874967384, 7.564951146914758, 5.0364888483060515, 5.992867492226776, 8.00397795611854, 5.3339646755397325, 5.491973443359307, 7.15029069410451, 5.606369989630845, 7.619889416990368, 6.0419389434861746, 5.73554579543196, 64.05206926363363, 6.744781658336761, 5.276153359029226, 5.760798722011958, 5.654866868619803, 6.766651753257742, 6.911610021104979, 6.002329188288064, 5.536537419639984, 5.623606898970128, 10.274052930663313, 6.70911077507053, 6.310674905116488, 7.908801476295597, 6.411778189852199, 66.07460595509207, 5.01959135531384, 6.811246681583847, 6.922679141785433, 9.051760996257693, 8.538739566435394, 8.182827925570347, 7.6263681699592665, 7.549958995547823, 6.31968343082213, 5.97604645086956, 5.9171878658511154, 7.421189750626848, 7.835588703015898, 5.918725711666105, 58.93579441643836, 5.137543716743392, 5.775966337699869, 4.779524622605222, 5.635880723417277, 5.225478468001817, 6.118159409553547, 6.093769149222403, 5.583981425389076, 7.850408771937031, 6.107949338497874, 6.830090460725934, 8.038472995530952, 8.052339582015101, 6.11864538030094, 67.54223305313324, 7.060954394711856, 7.287610753093191, 6.456029348240394, 8.440065588691544, 7.104781456738932, 6.813893551986734, 5.834938794284816, 8.169394689434029, 5.658703018774078, 6.61304856447644, 6.209513151883552, 6.205755314363689, 8.3849847574279, 8.771233865152102, 70.4035712745014, 5.464887969142049, 5.674015437424039, 6.725024317160556, 6.797003147238811, 6.228544699609286, 9.043997589491768, 8.052522721313927, 5.788469494203804, 5.699074967877687, 5.856228904472713, 9.382580096785182, 6.38295731746852, 6.592848091555131, 8.748919769508479]
E[shakespeare] = 10.5962

