k = 1
nytimes
[10.700845733426599, 9.81565667228615, 9.157137348012721, 10.631204512181263, 12.982345749715227, 10.451662774065289, 14.651283137704482, 14.314161470421634, 17.804952819505296, 10.96873489406781, 10.830177787399945, 9.627102031220062, 16.211472495400546, 12.148833693906456, 9.571773478852114, 10.98871587858476, 9.449996059003817, 9.22162483124427, 11.001534182847397, 13.766191332291946]

shakespeare
[67.49814812274481, 9.2059772615345, 7.937288942543609, 7.834836377765252, 7.686913522221957, 6.634103572540471, 10.05298150029714, 9.26302411471607, 8.142520378265123, 7.509299358052522, 8.579981766066437, 8.109076933118516, 11.132723108405038, 10.548667843920722, 6.018384774133224, 140.05555618202362, 8.192177515253396, 10.444046691758126, 9.311033235604874, 9.204978891393727, 7.611874104223215, 8.082362108121943, 8.262436674213317, 8.324925537349374, 9.537772600223743, 7.668844529422268, 7.35980303892012, 7.899780317694596, 6.995267035941512, 8.168194141862854, 52.38403099711731, 7.428296147467344, 5.7995974792769776, 9.537909082807598, 7.361473334711675, 8.008115384398117, 8.521681979490486, 7.459860904595954, 10.679750291425952, 6.496011674683769, 9.176262670042275, 7.3817675086146926, 8.079766015190144, 7.2587839917282295, 8.24847874165333, 125.02983821021633, 8.723506630173445, 10.06710171522915, 7.47255708426728, 7.857743521321158, 9.990873460933107, 7.921672022979633, 11.24331986693938, 8.024151887359876, 7.604265400320546, 7.319625836539337, 7.5667143250355915, 9.10972239086169, 9.071471387881068, 10.514138170363747, 67.49814812274481, 7.479636185801174, 8.934806942927505, 7.335062576783703, 8.062316807832199, 9.863830546682879, 7.9614780830116105, 10.356786836315077, 10.493809935910312, 8.8510444026831, 9.705855127816061, 10.708345867966791, 8.826402937992961, 7.409332010400674, 8.434727092927988, 58.887502627938645, 7.9839367504629255, 7.527532993662988, 7.667218247115456, 9.407100369148695, 8.525996725516135, 7.148751730976844, 5.71444826637532, 8.536331305295892, 7.2240645656899005, 9.09036390221338, 6.876853256566624, 7.9191449065510255, 7.361708135754003, 7.04174672954973, 80.52536930312903, 7.797879446643326, 9.814707936981035, 7.841438726030879, 9.302613122710545, 9.43845645296469, 9.02403133171667, 9.465128782065685, 11.433783484956692, 8.513702993407758, 8.19821861114062, 10.285297175018776, 6.289299378342665, 9.846493174948915, 8.559309183770115, 40.95671409380853, 8.810098699097317, 8.10707177305191, 9.00319762161333, 11.346793160667136, 8.079898051279534, 8.350396724346755, 8.795960335307813, 7.097413516989785, 7.034734560683006, 11.262430429170406, 7.67267968514006, 8.102964211956646, 8.402447617898805, 7.475157124917193, 82.66756271430182, 9.349906005901424, 7.699206052571776, 10.02471243047596, 7.362474382438892, 6.721720601653615, 7.1663245680490375, 10.422616925722782, 9.341895388169505, 8.289357460478241, 7.75919345392734, 7.162876999307034, 9.362962486148954, 8.839493857490313, 9.599027279122641, 67.49814812274481, 6.977011891021629, 8.719273893029056, 8.179039067321689, 7.841335337253877, 7.992241782330667, 6.652012480713686, 11.243492451958609, 8.00500496747006, 7.141267928583589, 8.708133650104966, 7.97590394865081, 8.357465351889683, 5.87435325707711, 6.718454833537173, 73.73756565240159, 7.794729272835989, 6.326871444231182, 7.384665345137454, 7.362100798238599, 10.344166814764849, 7.512535984970392, 7.973968050821529, 7.029924862536173, 7.133126676930245, 12.314263763132116, 7.958440095544491, 9.283520464965216, 9.516057473109438, 7.35056129139819, 124.69410572707203, 6.692528338837506, 7.5558353720482705, 8.36382932342864, 10.493342157090984, 11.223605153965812, 9.478089211569412, 8.472708579402031, 8.313718121427446, 7.4852139562668665, 6.54076190386246, 8.655230279039037, 7.9868090922057275, 9.215514364395517, 6.75011405829632, 58.110641023222975, 5.524678067677561, 6.222627306080694, 5.491979402120839, 6.45244035387807, 6.6762013168584184, 8.532130426275772, 7.868478107496262, 7.591088151370139, 9.116677177549104, 8.618561840094205, 8.401364985580637, 12.185503452701754, 8.930484409196906, 6.844718630370419, 114.5198894038991, 8.19741871986105, 10.999047303491183, 7.066249522313308, 10.055610715398386, 9.213485557459194, 7.392055616366248, 7.032060207548698, 9.152044662131452, 7.560555350307928, 7.4733367068541385, 8.448343779180918, 9.891110783580926, 10.2706820915367, 10.582576287254225, 67.3316885742296, 7.102751468720477, 8.017425005786528, 8.441706672227042, 9.451051140112309, 8.413563871792787, 10.632545963818956, 8.706398482931817, 7.798847220894524, 7.005182885262556, 6.568351026095169, 13.330701632872286, 6.8734743340430144, 6.433926850774045, 8.81756568085469]

k = 5
nytimes
[10.430982425928237, 9.495198801106872, 8.931995816839365, 9.811336167040285, 11.825686049918238, 9.966396047872468, 13.337784270740507, 12.468470694622415, 15.938903276520168, 10.251222441754768, 10.450756255503306, 9.259440208910409, 14.041995062931353, 11.238692066999041, 9.087968519006898, 10.515279693249264, 9.209991501072064, 8.924850830233732, 10.229570642485411, 12.916537859965635]

shakespeare
[30.186089511561438, 8.60944129415093, 7.5995157962512385, 7.508556144270689, 7.353254020951469, 6.3915031863584115, 9.296925375544287, 8.830868699921808, 7.816296128026546, 7.224143815968352, 8.129869857191018, 7.771322380198727, 10.632684324031228, 9.641431523928809, 5.733606536529069, 47.898326453937464, 7.864993307633299, 10.009382830141632, 8.893274619854076, 8.555030544373647, 7.317375393611182, 7.468924289558306, 7.92500041668035, 7.918382262958718, 8.682113826761631, 7.3835493855662655, 7.045942604738568, 7.550185824793187, 6.6584579379085085, 7.646281250532232, 23.32155896710847, 7.146923387258425, 5.593955697571489, 9.16744270463526, 7.014467653812986, 7.480116971873119, 8.108979679246447, 7.105334992908375, 9.554641364380744, 6.251245106640198, 8.717735193981369, 7.124154152163226, 7.734258059841666, 6.7053662642473135, 7.636775675364671, 42.75960319126974, 8.350011672799603, 9.317974661419937, 7.1580753245076005, 7.560175818603656, 9.571025648893722, 7.594692779911553, 10.685897602558951, 7.696177878813086, 7.0569397885948, 7.0460907751853625, 7.2806024750788225, 8.700312811779622, 8.585470910831749, 9.82348882084489, 30.186089511561438, 7.192108440888473, 8.548419789097053, 7.008932109471637, 7.694041597090909, 9.118065141911835, 7.629118691364646, 9.67369790323823, 9.802395679629045, 8.47856246879877, 9.260682300765124, 10.20570807312338, 8.426922829665388, 6.972322740122284, 7.7365739489038665, 32.93839900833209, 7.650026278871764, 7.223103815143044, 7.37907295513409, 8.787635635699964, 8.06963456056379, 6.877638095295111, 5.497517295746988, 8.185640737635445, 6.952163242058297, 8.699607886743221, 6.644390637396911, 7.516457055451018, 6.811575905994079, 6.72016439477131, 35.585786870745046, 7.196245515254185, 9.314368728376802, 7.3842664079886715, 8.533125047425688, 8.611989949968434, 8.62774694589729, 9.058982576795366, 10.756789870352385, 8.0910638693363, 7.836514951922546, 9.802386357514997, 5.877398884681508, 8.816140009365117, 7.851569281817666, 21.234161564403063, 8.40345352085601, 7.788455666676891, 7.808247439681133, 10.202304226147143, 7.652325442487038, 7.995887264779249, 8.46016129812517, 6.70901334792427, 6.7799390424024155, 10.754672885422389, 7.358470822316003, 7.784808774484148, 7.981235589684613, 6.993075287667983, 28.271908762368664, 8.876725597518009, 7.325953182019945, 9.403961527318243, 7.081897421249005, 6.446410100730265, 6.8863713576857934, 9.931900524849953, 8.99968741514193, 7.939544607160156, 7.410150430044185, 6.885968292894491, 8.925553053073822, 8.270366322160275, 8.544289361866912, 30.186089511561438, 6.558135819108918, 8.28979974728749, 7.43386858216169, 6.9928135987689295, 7.5244250814073785, 6.421652643444483, 10.689676005424143, 7.695724381542857, 6.851143345408983, 8.080997451581265, 7.386214281517857, 7.983758503747511, 5.421648092841759, 6.398823233525049, 25.217892726420093, 7.523290969946839, 6.10878959341452, 7.132332224357198, 7.126555691103937, 9.896695974228559, 7.178203082040139, 7.681546181304671, 6.774866546364219, 6.881177321035868, 11.798602667603035, 7.674992128180476, 8.951686796935737, 8.42681312914132, 6.989820219684476, 37.292235804889444, 6.453944632953733, 7.242456104285374, 7.975771227929404, 9.732959483189576, 10.714251672440811, 9.00252349218067, 8.138990926398495, 7.961572510262191, 7.116779252813356, 6.292482411305696, 8.327471059128438, 7.654125553922436, 8.413260303280046, 6.333889895995582, 22.044923500864705, 5.2838879047862095, 5.996407830131268, 5.281436944115181, 6.2095056784135645, 6.432244140258791, 7.994749793614451, 7.485940264880682, 7.188298774222105, 8.705994886394375, 8.225079365938877, 8.018189687861645, 11.612857151148974, 8.21295918119095, 6.312902639117486, 34.24943540914189, 7.840743360581703, 10.36375454053022, 6.750123048274304, 9.604692974475403, 8.819562070277355, 7.101479715042598, 6.74183980179205, 8.735940385033619, 7.256769084677865, 7.182243558362839, 8.010986197744627, 8.79563108381855, 9.333315443874435, 10.016406590877049, 39.37581034697437, 6.793592478002361, 7.664473421513464, 8.10664799662529, 9.05377334730902, 8.0876469315946, 10.04883989083123, 8.306378641002993, 7.4819511846063795, 6.7213187996000805, 6.314046721947175, 12.580657751237116, 6.6199380513449615, 5.94507158514456, 8.111003716091613]

k = 10
nytimes
[10.226062137709134, 9.265698896611545, 8.760409408372192, 9.406251061638663, 11.190838568383917, 9.691349601762932, 12.71798952057091, 11.670324436074253, 15.060783035468454, 9.842093673869055, 10.194244906523096, 9.030360551617573, 13.02111613001307, 10.77903604675938, 8.818885341391203, 10.248841016802912, 9.04974289890573, 8.735578502690368, 9.82758101188508, 12.418831612789857]

shakespeare
[21.34478859112921, 8.312967014420758, 7.419661429480548, 7.352978630009199, 7.196113423133415, 6.278217378145383, 8.823323134302068, 8.614010197758484, 7.641118214371328, 7.0838049072962415, 7.886402368728687, 7.605918290060751, 10.344283997733683, 9.186262302227211, 5.577569369182674, 30.174054877026137, 7.707509258522487, 9.77665497786199, 8.668307617379957, 8.267833087908626, 7.173135075074031, 7.197183384550599, 7.7577701220313395, 7.673313271642501, 8.28826744500742, 7.238908489297797, 6.874320414649065, 7.374810197578329, 6.483416204175165, 7.408066604853898, 16.400070475701284, 6.99786679814863, 5.499353800512086, 8.984479543264879, 6.820959291563476, 7.209344403775856, 7.88581571605339, 6.919588114270868, 8.985360768778232, 6.139586292367803, 8.45427554214119, 7.004638365052525, 7.558223334704114, 6.466265934948895, 7.357217984504551, 26.936862072916373, 8.159158932434114, 8.87009651963495, 6.987039748742122, 7.41854427324189, 9.343917230003683, 7.4353118908495075, 10.394602488253287, 7.528437984256767, 6.776405395121112, 6.914166199044146, 7.149308755448161, 8.490715179542832, 8.305926075529378, 9.399918205936853, 21.34478859112921, 7.05247875633566, 8.338435263102, 6.850068974843415, 7.497035253916439, 8.726293332829986, 7.457939743122325, 9.340855907190075, 9.43350987328661, 8.292364402465523, 9.016100928429607, 9.928181539608039, 8.224442178467772, 6.779656695750612, 7.4272111455527865, 24.90817485032406, 7.4846076255503515, 7.0740544641633125, 7.23503222826098, 8.453023690012794, 7.842056980224896, 6.740346048502012, 5.401042037381428, 8.021629817400516, 6.8170220172411, 8.499350135278563, 6.535073513953357, 7.321503606443211, 6.5421995449398, 6.539278923273428, 24.809947213930247, 6.931564090282671, 9.027297778673088, 7.117228656493545, 8.183422662891612, 8.172996379139144, 8.41390765288335, 8.856862116897156, 10.359082080874831, 7.855079451370638, 7.647008071279301, 9.527878032529912, 5.675572074891004, 8.299032714998985, 7.499324400028569, 15.841526864563265, 8.16607668122369, 7.6121800343366814, 7.309024392461967, 9.650935546323499, 7.411060062996146, 7.827997867224274, 8.2937947249008, 6.519771599761901, 6.658758128701235, 10.485976832247216, 7.198028747328493, 7.630441231213883, 7.738379470671045, 6.763701958511162, 17.810186485207797, 8.627428711548111, 7.1161131726822475, 9.060397805465348, 6.939632391134724, 6.310037363609423, 6.751560399210554, 9.675474903280582, 8.824450113285657, 7.746897002764917, 7.201028242833373, 6.750759585473158, 8.689365950685511, 7.988937011666085, 8.071517985153235, 21.34478859112921, 6.346137955602522, 8.068790061967038, 7.093561028642279, 6.644265330069771, 7.294825808112201, 6.3007651280896315, 10.385489016388329, 7.5489623401240395, 6.693283959948607, 7.795934456865354, 7.134570920189747, 7.78160861253907, 5.230454381508954, 6.230729861042913, 15.88627694000374, 7.389965846281291, 6.006364200156578, 7.008210532015036, 7.0092307665534275, 9.65884013662968, 7.006776894786892, 7.54452028584034, 6.65330181662607, 6.7659709265936625, 11.509141648025643, 7.535272050757021, 8.769300789049348, 7.943876362518205, 6.7808993301349165, 22.174096076766876, 6.343243364434738, 7.077753191346685, 7.789167287674771, 9.365089574649971, 10.447245720880344, 8.734090782831089, 7.9713023461183745, 7.765544595326448, 6.923892503114107, 6.1779181784270305, 8.15725823597086, 7.495630424974408, 7.974992094578054, 6.148749394372722, 14.48015150554062, 5.154563954638635, 5.888548543278255, 5.182803692702569, 6.094899863185503, 6.318490364337766, 7.684644406227925, 7.272948385982944, 6.9897194405263905, 8.498839498675057, 8.020835067565532, 7.816278955581595, 11.296697834715143, 7.833496559658209, 6.085132621960609, 20.36483613668883, 7.645025139755368, 10.016409002595235, 6.600168637293309, 9.345416769879531, 8.624648377254182, 6.957265600927898, 6.610288551543993, 8.534177994214975, 7.109308798496278, 7.047294439879932, 7.765973376864928, 8.307469607745178, 8.873299079225816, 9.672419490651682, 31.252601383443707, 6.647679222246163, 7.4845518386636885, 7.921650644002085, 8.82939298767889, 7.928304316550843, 9.666120387389189, 8.063980009654038, 7.3309609502821855, 6.591375866173325, 6.189782580465081, 12.120271610631823, 6.500133762888233, 5.722543655635535, 7.7738868575005835]

k = 100
nytimes
[8.626155568110121, 7.602906159372405, 7.419688973286822, 7.5346823944653805, 8.086211564688792, 8.076801681170773, 10.006133954916187, 8.53468850207605, 11.159534130245078, 7.701356521206318, 8.354673079134399, 7.5448024916328045, 9.018855833286832, 8.556990010103414, 7.300571994668348, 8.76170068817276, 7.804344338061043, 7.416538422948816, 7.790896073631624, 9.417746010996524]

shakespeare
[6.749814812274479, 6.9856369238979665, 6.323102323604202, 6.529355534512116, 6.38311920037103, 5.693476081370565, 6.315897055956712, 7.3459989322381105, 6.553347687697516, 6.29065420442834, 6.497860717326207, 6.732606291691701, 8.407151015914204, 7.048546783975829, 4.782366824612085, 6.500803056599083, 6.8406343694516485, 8.288410359031763, 7.2396601531656515, 7.011911752298683, 6.367132012230282, 6.0661212312128585, 6.800916746583618, 6.309740240249132, 6.683701572118576, 6.372027341126935, 5.8027752280798675, 6.328179374135664, 5.706712946607238, 6.3053005719442226, 4.773719692786768, 6.068087009239199, 5.0359559745904745, 7.903344868822006, 5.792454461854892, 6.00460971528916, 6.448946208894471, 5.867883451292714, 6.464792445255515, 5.608645805661405, 6.8727519196364355, 6.398792522549486, 6.513017126145688, 5.485000982497985, 6.109914110019283, 5.803371009049522, 7.006005052866989, 6.575050358744243, 6.041909602928842, 6.658942473297271, 7.874784211038473, 6.543086774321706, 8.606349877168222, 6.5106846399900675, 5.483338025416265, 6.1774932193077605, 6.50857259644614, 7.190101817461239, 6.809785534347056, 7.038185593893275, 6.749814812274479, 6.283569175798089, 7.009005107060439, 5.973765028611761, 6.254698647446471, 6.856662960501618, 6.511959888402215, 7.632688051370014, 7.524724560925264, 7.20801854711349, 7.464910678359636, 8.076947552448075, 7.128809040871896, 5.943878619683731, 6.084235223963151, 7.664336665661037, 6.545747478311902, 6.2310860267282004, 6.389302872118048, 6.757184897526467, 6.5435945980109675, 5.909921168851133, 4.980262863138411, 7.180574358166654, 6.082356460489468, 7.317367249757173, 5.963726942611373, 6.277297527175733, 5.312640498427174, 5.559478238863351, 6.606425542075381, 5.805240405723957, 7.346617619270901, 5.698102386600177, 6.538615580731487, 6.082251790260674, 7.052434873066162, 7.663853245443371, 7.952049027001092, 6.628659897681123, 6.5502121500498705, 7.803130297094546, 4.784500420708267, 6.172420158846776, 5.817467875729804, 5.1437347090368855, 6.633100366236923, 6.421159057647722, 5.590021055906389, 7.38681866984574, 6.168583539383198, 6.932395171783705, 7.341324846475391, 5.699900988389642, 5.999444061739193, 8.74938205601789, 6.251725688392425, 6.773058157118131, 6.4145886718834015, 5.594031470516331, 3.837088359966871, 7.201954114093435, 5.977737097685755, 7.246550534994459, 6.117505005910049, 5.566273158266587, 6.017801060335361, 8.111997264397017, 7.707307151840569, 6.598829024390552, 5.957421268878012, 6.015717329512169, 7.276378844903781, 6.704278075378349, 6.248272055109695, 6.749814812274479, 5.342183564904273, 6.808395940052379, 5.7432654077761445, 5.407234263684981, 6.2678062536454755, 5.536664618678124, 8.401682548496561, 6.757740300948879, 5.867139538134858, 6.495445097602101, 6.152762968620161, 6.589123701228246, 4.51552075591578, 5.456061503496876, 3.4225946134997622, 6.616232948970682, 5.4749916371693095, 6.282103034310023, 6.315299482289824, 8.1427284927862, 6.0501058623022965, 6.842542909072025, 5.9941672330416775, 6.2097165558289635, 9.566706816879686, 6.713346007798066, 7.592362679145851, 6.1076704829590085, 5.698289868968352, 3.943173848953939, 5.785246858900397, 6.122945555035827, 6.767411942456022, 7.521420786431349, 8.91985985594927, 7.294188478809021, 6.969076314644524, 6.691916323913779, 5.924134430447064, 5.617057845246192, 7.074214424320256, 6.671138680310484, 5.885567110399224, 5.360569861328783, 3.40394132793273, 4.486460313774857, 5.326040098809084, 4.6801831862036245, 5.496149570864024, 5.73807251812744, 6.204045498087126, 6.08339807274152, 6.09273300911633, 7.38434310243773, 6.793423143755502, 6.652289544247156, 9.213991322295879, 5.923890365226079, 5.183011219973335, 3.6214368790690354, 6.358695720063635, 8.192432707572568, 5.797877913090976, 7.601422525587724, 7.498536348136929, 6.177439210339965, 5.9913247199015105, 7.419731658367465, 6.282732320540181, 6.373422850961156, 6.42260205876724, 6.450836784786138, 6.740439963568355, 7.559354341341637, 14.50617256027436, 5.906824935859124, 6.451297386896189, 6.797767032503016, 7.3437310630219, 7.066109715729593, 7.336114507182657, 6.585425198645139, 6.5312736190431115, 5.966520259000353, 5.517815245174714, 9.215652237547953, 5.875037198137087, 4.777703052105638, 6.1412717110550705]

