nytimes
[inf, inf, inf, inf, inf, inf, inf, inf, inf, inf, inf, inf, inf, inf, inf, inf, inf, inf, inf, inf]
E[nytimes] = inf
shakespeare
[inf, inf, inf, inf, inf, inf, inf, inf, inf, inf, inf, inf, inf, inf, inf, inf, inf, inf, inf, inf, inf, inf, inf, inf, inf, inf, inf, inf, inf, inf, inf, inf, inf, inf, inf, inf, inf, inf, inf, inf, inf, inf, inf, inf, inf, inf, inf, inf, inf, inf, inf, inf, inf, inf, inf, inf, inf, inf, inf, inf, inf, inf, inf, inf, inf, inf, inf, inf, inf, inf, inf, inf, inf, inf, inf, inf, inf, inf, inf, inf, inf, inf, inf, inf, inf, inf, inf, inf, inf, inf, inf, inf, inf, inf, inf, inf, inf, inf, inf, inf, inf, inf, inf, inf, inf, inf, inf, inf, inf, inf, inf, inf, inf, inf, inf, inf, inf, inf, inf, inf, inf, inf, inf, inf, inf, inf, inf, inf, inf, inf, inf, inf, inf, inf, inf, inf, inf, inf, inf, inf, inf, inf, inf, inf, inf, inf, inf, inf, inf, inf, inf, inf, inf, inf, inf, inf, inf, inf, inf, inf, inf, inf, inf, inf, inf, inf, inf, inf, inf, inf, inf, inf, inf, inf, inf, inf, inf, inf, inf, inf, inf, inf, inf, inf, inf, inf, 7.012107374039527, inf, inf, inf, inf, inf, inf, inf, inf, inf, inf, inf, inf, inf, inf, inf, inf, inf, inf, inf, inf, inf, inf, inf, inf, inf, inf, inf, inf, inf, inf, inf, inf, inf, inf, inf, inf, inf, inf]
E[shakespeare] = inf

nytimes
[10.700845733426599, 9.81565667228615, 9.157137348012721, 10.631204512181263, 12.982345749715227, 10.451662774065289, 14.651283137704482, 14.314161470421634, 17.804952819505296, 10.96873489406781, 10.830177787399945, 9.627102031220062, 16.211472495400546, 12.148833693906456, 9.571773478852114, 10.98871587858476, 9.449996059003817, 9.22162483124427, 11.001534182847397, 13.766191332291946]
E[nytimes] = 11.714770344106892
shakespeare
[67.49814812274481, 9.2059772615345, 7.937288942543609, 7.834836377765252, 7.686913522221957, 6.634103572540471, 10.05298150029714, 9.26302411471607, 8.142520378265123, 7.509299358052522, 8.579981766066437, 8.109076933118516, 11.132723108405038, 10.548667843920722, 6.018384774133224, 140.05555618202362, 8.192177515253396, 10.444046691758126, 9.311033235604874, 9.204978891393727, 7.611874104223215, 8.082362108121943, 8.262436674213317, 8.324925537349374, 9.537772600223743, 7.668844529422268, 7.35980303892012, 7.899780317694596, 6.995267035941512, 8.168194141862854, 52.38403099711731, 7.428296147467344, 5.7995974792769776, 9.537909082807598, 7.361473334711675, 8.008115384398117, 8.521681979490486, 7.459860904595954, 10.679750291425952, 6.496011674683769, 9.176262670042275, 7.3817675086146926, 8.079766015190144, 7.2587839917282295, 8.24847874165333, 125.02983821021633, 8.723506630173445, 10.06710171522915, 7.47255708426728, 7.857743521321158, 9.990873460933107, 7.921672022979633, 11.24331986693938, 8.024151887359876, 7.604265400320546, 7.319625836539337, 7.5667143250355915, 9.10972239086169, 9.071471387881068, 10.514138170363747, 67.49814812274481, 7.479636185801174, 8.934806942927505, 7.335062576783703, 8.062316807832199, 9.863830546682879, 7.9614780830116105, 10.356786836315077, 10.493809935910312, 8.8510444026831, 9.705855127816061, 10.708345867966791, 8.826402937992961, 7.409332010400674, 8.434727092927988, 58.887502627938645, 7.9839367504629255, 7.527532993662988, 7.667218247115456, 9.407100369148695, 8.525996725516135, 7.148751730976844, 5.71444826637532, 8.536331305295892, 7.2240645656899005, 9.09036390221338, 6.876853256566624, 7.9191449065510255, 7.361708135754003, 7.04174672954973, 80.52536930312903, 7.797879446643326, 9.814707936981035, 7.841438726030879, 9.302613122710545, 9.43845645296469, 9.02403133171667, 9.465128782065685, 11.433783484956692, 8.513702993407758, 8.19821861114062, 10.285297175018776, 6.289299378342665, 9.846493174948915, 8.559309183770115, 40.95671409380853, 8.810098699097317, 8.10707177305191, 9.00319762161333, 11.346793160667136, 8.079898051279534, 8.350396724346755, 8.795960335307813, 7.097413516989785, 7.034734560683006, 11.262430429170406, 7.67267968514006, 8.102964211956646, 8.402447617898805, 7.475157124917193, 82.66756271430182, 9.349906005901424, 7.699206052571776, 10.02471243047596, 7.362474382438892, 6.721720601653615, 7.1663245680490375, 10.422616925722782, 9.341895388169505, 8.289357460478241, 7.75919345392734, 7.162876999307034, 9.362962486148954, 8.839493857490313, 9.599027279122641, 67.49814812274481, 6.977011891021629, 8.719273893029056, 8.179039067321689, 7.841335337253877, 7.992241782330667, 6.652012480713686, 11.243492451958609, 8.00500496747006, 7.141267928583589, 8.708133650104966, 7.97590394865081, 8.357465351889683, 5.87435325707711, 6.718454833537173, 73.73756565240159, 7.794729272835989, 6.326871444231182, 7.384665345137454, 7.362100798238599, 10.344166814764849, 7.512535984970392, 7.973968050821529, 7.029924862536173, 7.133126676930245, 12.314263763132116, 7.958440095544491, 9.283520464965216, 9.516057473109438, 7.35056129139819, 124.69410572707203, 6.692528338837506, 7.5558353720482705, 8.36382932342864, 10.493342157090984, 11.223605153965812, 9.478089211569412, 8.472708579402031, 8.313718121427446, 7.4852139562668665, 6.54076190386246, 8.655230279039037, 7.9868090922057275, 9.215514364395517, 6.75011405829632, 58.110641023222975, 5.524678067677561, 6.222627306080694, 5.491979402120839, 6.45244035387807, 6.6762013168584184, 8.532130426275772, 7.868478107496262, 7.591088151370139, 9.116677177549104, 8.618561840094205, 8.401364985580637, 12.185503452701754, 8.930484409196906, 6.844718630370419, 114.5198894038991, 8.19741871986105, 10.999047303491183, 7.066249522313308, 10.055610715398386, 9.213485557459194, 7.392055616366248, 7.032060207548698, 9.152044662131452, 7.560555350307928, 7.4733367068541385, 8.448343779180918, 9.891110783580926, 10.2706820915367, 10.582576287254225, 67.3316885742296, 7.102751468720477, 8.017425005786528, 8.441706672227042, 9.451051140112309, 8.413563871792787, 10.632545963818956, 8.706398482931817, 7.798847220894524, 7.005182885262556, 6.568351026095169, 13.330701632872286, 6.8734743340430144, 6.433926850774045, 8.81756568085469]
E[shakespeare] = 13.245435708274538

nytimes
[10.755627094783591, 9.872144642960198, 9.216693716505242, 10.55536195152103, 12.92623411626197, 10.434564473829465, 14.437474518333135, 14.05157396796843, 17.47219680704732, 10.932049671214267, 10.874631197872343, 9.678155967382871, 15.831165793526493, 12.017063858013762, 9.554694558960463, 10.95093694620967, 9.47794790272288, 9.250927784908269, 10.913392384411392, 13.726355767539708]
E[nytimes] = 11.646459656098626
shakespeare
[67.24953531437966, 9.310906219071715, 7.9944367396754705, 7.868252611075827, 7.74009264532149, 6.666743083668637, 10.259901643421147, 9.306437979287846, 8.198166852582014, 7.550332263580281, 8.630739948413876, 8.141686911899631, 11.248161764249508, 10.575673006480969, 6.085357396435913, 114.85267839789871, 8.230449146841202, 10.500269449080221, 9.41743350650246, 9.125860224180924, 7.651284997128449, 7.991191922408832, 8.303121109466067, 8.41826714448151, 9.520370311392636, 7.712667197133574, 7.442677718121217, 7.967705620049211, 7.054795128783852, 8.163786090576526, 46.29418873771486, 7.463139650578889, 5.824201758905361, 9.576556033701127, 7.418940629059265, 8.087582557318752, 8.653213955747233, 7.548652958567116, 10.639547204362154, 6.519330635375399, 9.273366003371889, 7.4210565029007975, 8.16298656397122, 7.249146261196987, 8.243002258292625, 103.89869326203491, 8.788502001486613, 10.162009663184353, 7.534751902250968, 7.887316376598837, 10.063517071843254, 7.97352665522242, 11.296811986974411, 8.07672944422474, 7.727216478939449, 7.356277124648792, 7.592492432351793, 9.183702593427892, 9.163270738462325, 10.677433007561332, 67.24953531437966, 7.510614463599083, 9.046693667048096, 7.396169577111341, 8.143996406022914, 10.0758359866002, 7.9989197434236035, 10.296828658434457, 10.57172504441047, 8.902372882522693, 9.842480478780562, 10.791260057053794, 8.860661190077073, 7.4137446360029156, 8.38597783385818, 59.075038171829505, 8.032815531137423, 7.581207363276724, 7.719561021603334, 9.530679903976182, 8.60245070740641, 7.187253096694123, 5.736527732243025, 8.58738761920306, 7.277326095967036, 9.133619177915921, 6.900494840048397, 7.979305246825797, 7.4063016205083665, 7.143393567045302, 70.08808375964834, 7.730419132977391, 9.880487441851747, 7.945860773141638, 9.268021006111583, 9.576323288094198, 9.102450297820697, 9.528963999211507, 11.629911577364604, 8.56205758858782, 8.271603160196108, 10.464305385937772, 6.3721287632069625, 9.912453647395324, 8.665230932200245, 37.39829946421025, 8.953965331260338, 8.232271444991914, 8.86596396419618, 11.321788766989837, 8.145058976244151, 8.400314259572115, 8.838737129938185, 7.073683855671091, 7.091237415574654, 11.382789008270157, 7.749064759575113, 8.1539614145879, 8.515533538235056, 7.50831885907271, 75.58935665231402, 9.411368265428063, 7.73834154244717, 10.12386977675803, 7.392824686325508, 6.743062750915828, 7.204541013764094, 10.466527649138662, 9.442208783915216, 8.367579693415216, 7.8231289199174405, 7.200024322796729, 9.42467655103278, 8.885036158722214, 9.498081335208832, 67.24953531437966, 7.052876016788648, 8.82969015229239, 8.15877115254552, 7.747392677981233, 8.077774596373112, 6.730712661015419, 11.332463117892933, 8.036595850052674, 7.235348579307147, 8.65577335450508, 7.887317992116863, 8.45498022135885, 5.858266704314813, 6.774272176656506, 70.5061108329145, 7.841763460136812, 6.355650334097572, 7.428216513666325, 7.39813889372863, 10.43174531309708, 7.547144881944175, 8.00173368674499, 7.06902310558761, 7.160925234617456, 12.417457281386294, 8.016165276329515, 9.346668944252764, 9.440370084050999, 7.424693358853331, 104.09533598128215, 6.721631882167875, 7.5958561199255135, 8.413638573231863, 10.41745968215462, 11.256696821921116, 9.520687726749236, 8.523657090638368, 8.351649793916122, 7.512637115591949, 6.56206227584353, 8.711232556863395, 8.05017283268453, 9.304068429517026, 6.748150637177923, 51.319394402774286, 5.624893305716294, 6.24343777860477, 5.5393174198440756, 6.482429005208527, 6.702421912680421, 8.709247797314555, 7.977476120057528, 7.567386394447555, 9.141410524185561, 8.69345561132844, 8.479384412215326, 12.264322028654993, 9.035283405090713, 6.846373312301088, 96.55682787835354, 8.306126990027028, 11.01564938299757, 7.109933799791766, 10.176049279831748, 9.269391545621618, 7.43599245859155, 7.068136510823767, 9.207315986028508, 7.634206898758822, 7.4972776100114125, 8.505258518344503, 9.778041704029855, 10.259222825421835, 10.724331112264965, 67.16625378334268, 7.132250495114794, 8.071809211601492, 8.47039202431047, 9.519574501020907, 8.446665118604125, 10.827348785570265, 8.838544402582846, 7.832621597978856, 7.023382230927464, 6.597071653869825, 13.399168883514756, 6.900172267562905, 6.420350294757897, 8.832608427848621]
E[shakespeare] = 12.747364286096408

nytimes
[10.923328247590758, 10.056659821733854, 9.382671609743323, 10.569661031050085, 13.019331233695159, 10.519554539649242, 14.30854453985702, 13.98120524568778, 17.25741451298983, 11.00300882967784, 11.062028030805301, 9.869216574379921, 15.528550322399166, 11.987035010776959, 9.621278617267999, 10.97095311167357, 9.603740112828199, 9.370270186425746, 10.911529516999444, 13.858243215313923]
E[nytimes] = 11.690211215527256
shakespeare
[67.0999254843103, 9.49194301390351, 8.154689433625562, 7.968908559212682, 7.890203627539748, 6.765563599570842, 10.677562243815087, 9.437966551439214, 8.357691883522941, 7.6690690577617495, 8.778857252128748, 8.240080578975117, 11.549644319987827, 10.749444781820756, 6.234319984072433, 92.22119428755899, 8.345163318877256, 10.66562667382697, 9.69946315645832, 9.112001791853872, 7.764677476200917, 7.934059997219081, 8.42607122100928, 8.620269658259362, 9.568118153358807, 7.840142951933805, 7.65875629409888, 8.161940617126687, 7.175840463705361, 8.24682505109119, 41.78934756390668, 7.566704534057482, 5.897802866113642, 9.694310167932603, 7.563126495504231, 8.215809116557828, 8.995207647801017, 7.736680396860149, 10.750094382122754, 6.589927401576124, 9.499903788170831, 7.53744030173447, 8.384856104630432, 7.328036850194837, 8.332853271029004, 85.61876317369591, 8.970949898029469, 10.425655622821177, 7.706109822743751, 7.977536307531161, 10.267235359062948, 8.125444908194737, 11.45386498734262, 8.23214505176059, 7.9551727139906605, 7.466775471123832, 7.67160829907826, 9.396691296285079, 9.358166925569547, 11.031053398325941, 67.0999254843103, 7.6042358949834785, 9.333271109080243, 7.557809745935386, 8.369053533812828, 10.465287965061409, 8.108874898453417, 10.329598362544122, 10.835892377152108, 9.05409325528423, 10.146011806745463, 11.032256519062424, 8.965379940517089, 7.508280456729329, 8.454529662187062, 59.840883963344844, 8.170663882672747, 7.735986097709032, 7.8709168545902894, 9.81703697466305, 8.814110669318525, 7.3003211234480085, 5.803185335960864, 8.734838302549848, 7.41677627678616, 9.262147029690752, 6.973103972257939, 8.1503174769634, 7.5880823862170015, 7.371263236960208, 61.0482781968399, 7.724869416999974, 10.067111622056, 8.19123851972935, 9.389476130308685, 9.882289212165942, 9.317158324170796, 9.713136805396369, 12.031541595272468, 8.700861776802535, 8.468545327406924, 10.83263456498238, 6.524576157264899, 10.073296161655612, 8.975183232067101, 35.19595575204611, 9.311693137644221, 8.56001681774424, 8.737487239421618, 11.365864799921727, 8.316065746940088, 8.546724220656747, 8.966488896215683, 7.074897521337803, 7.252045087019421, 11.708550335685313, 7.9494368653299246, 8.291016355753538, 8.753536602518718, 7.674683982372958, 70.67297598031976, 9.580598219963258, 7.852779035215206, 10.368107362837003, 7.484716700326027, 6.808642564829851, 7.313521617178663, 10.600051158225716, 9.722602193276881, 8.568135034307423, 7.999606048189092, 7.30868081648858, 9.602016865212766, 9.01492824994302, 9.513329225150706, 67.0999254843103, 7.187809717078941, 9.074384064810552, 8.17958892965557, 7.68056730304958, 8.228013895147912, 6.917279521025761, 11.582293514551543, 8.133438366823677, 7.401879788537343, 8.690373973834543, 7.835794724864143, 8.709475521646086, 5.9001298240211275, 6.8876104751504155, 68.43968833101844, 7.973984464915159, 6.441507583004818, 7.551187259252109, 7.5000139424031405, 10.664026336850435, 7.6498181189402725, 8.08570780104957, 7.185435933806154, 7.2444624783790585, 12.704836930541886, 8.178917321772554, 9.523628143480286, 9.418569093463438, 7.578521410706258, 86.44563225087275, 6.808866328874502, 7.714460348441095, 8.55696031848495, 10.429815504180034, 11.359179357539782, 9.633440766095513, 8.674585136622792, 8.45604861734711, 7.599264600473665, 6.627642040785277, 8.873136280449922, 8.204277759312244, 9.54330737189014, 6.817354406815738, 46.48881448516833, 5.808043265434587, 6.307023802604101, 5.659150986971495, 6.572855249448656, 6.781856916588551, 8.947763002017457, 8.217397238608964, 7.572010874991113, 9.219952547973817, 8.90568119357816, 8.676067369975367, 12.48929199088048, 9.305868710040182, 6.948284994530992, 81.76109718246953, 8.592921065796888, 11.075757827612643, 7.239969666173244, 10.513170675052367, 9.43170472537551, 7.55825039249761, 7.173167621279755, 9.367047930832987, 7.834314806206083, 7.57150008738876, 8.675072502109366, 9.719943128357542, 10.378470705622192, 11.04649266065523, 67.06660044146474, 7.221761987538992, 8.230642480233131, 8.55750095913585, 9.715082806962815, 8.547214546441102, 11.246618814613857, 9.135496058199875, 7.932716645503282, 7.08053450594096, 6.683830600904378, 13.58950170327613, 6.982004730530812, 6.470331051658185, 8.991147286590232]
E[shakespeare] = 12.442211338869818

nytimes
[11.647888974352583, 10.800765510689317, 10.054593390255537, 11.080356567224056, 13.772829309948506, 11.091220100371471, 14.709387712243572, 14.795172890062208, 17.737758178358906, 11.592405230908938, 11.937282464843529, 10.62895850504383, 15.724160034400942, 12.50141250841272, 10.101583595846543, 11.322925281568079, 10.21014788157184, 9.909650284759486, 11.388493555516943, 14.761382832193016]
E[nytimes] = 12.2884187404286
shakespeare
[67.02499533756047, 10.119315731149575, 8.79702198557358, 8.427634357240521, 8.492944840993339, 7.231907579488352, 11.916163009010328, 10.046583182972801, 9.021689760265415, 8.173876541737927, 9.4048222409267, 8.689476469399544, 12.586849261701504, 11.471467617187278, 6.742440199238147, 74.97079929906299, 8.865995865934462, 11.39261212799957, 10.715221806455293, 9.528441324451434, 8.243776347541447, 8.16769338468727, 8.998588188406664, 9.235222321673826, 10.109034921672533, 8.387551197634396, 8.426558733750841, 8.965166003375678, 7.579424653213311, 8.746458472194991, 42.645954487672796, 8.028076959450189, 6.2304275555935575, 10.251306718957833, 8.120149975749241, 8.666990845492329, 10.166649718010634, 8.239597490364028, 11.48955247807479, 6.913498198733727, 10.263068097816863, 8.05473200726726, 9.192480065597637, 7.835809418277048, 8.823916212582512, 72.57734021778003, 9.710267868302703, 11.441798406166349, 8.382649417350375, 8.402411293357066, 11.083426406304161, 8.784271530924665, 12.128238321744945, 8.921714323869757, 8.683772935860768, 7.981516082593683, 8.047345819529012, 10.284842583609572, 9.999676981370037, 12.109354192080122, 67.02499533756047, 8.03844935709479, 10.317705766455662, 8.156146255251072, 9.23259470800692, 11.551956561473384, 8.584905866827405, 10.912000199308748, 11.930383450542127, 9.72263383781092, 11.10991951602756, 12.057850040739472, 9.457744402388972, 8.035507447805864, 9.051865671791228, 62.285114265283596, 8.733336477010349, 8.37819695013137, 8.521060548376111, 10.777979918074156, 9.621707305243913, 7.789739070331982, 6.108118375217338, 9.353893559071548, 7.929315165562005, 9.827287019243924, 7.324329755821572, 8.847682738125297, 8.302147592512322, 8.108254202840401, 56.98794936812753, 8.083130629395344, 10.861379983964783, 8.983073745505603, 10.277753802225943, 10.746989593458373, 10.125864540128777, 10.487021608705893, 13.127993721326469, 9.310099349313333, 9.200670802455152, 11.884857423497596, 7.058047171258132, 10.706285371460385, 10.012653476360663, 38.33481841625008, 10.448688140755099, 9.749875576565163, 8.889106874020474, 11.910788790850827, 8.949454367349595, 9.189080636584011, 9.54747633365125, 7.332862306294996, 7.916688505146943, 12.925573348323717, 8.662782509811514, 8.812331659206867, 9.485920327088268, 8.400890200614901, 67.9537349297763, 10.226198023547882, 8.353889644581546, 11.215972473443916, 7.913978328812014, 7.1188919744121115, 7.7580069307364505, 11.222596571909424, 10.834908752968737, 9.302187425554472, 8.697489637141121, 7.776833629276344, 10.337949193561755, 9.560452318127505, 10.118494581381608, 67.02499533756047, 7.6640713359656365, 9.843542132318346, 8.518840877325164, 7.876233514271821, 8.756169080256855, 7.54532835168548, 12.556559562814662, 8.59903824677704, 7.869481619804851, 9.175818489384547, 8.100809336200545, 9.601817154185778, 6.2144343262909025, 7.264170795010359, 67.3649365105989, 8.509613582513047, 6.829899708516425, 8.058048699103237, 7.9201912512749875, 11.531728419608411, 8.105330978043302, 8.471057504341912, 7.7103389514350065, 7.626511109184026, 13.83922030346592, 8.841283776194542, 10.240329379369998, 9.72310495740002, 8.054200863368775, 73.17725901876648, 7.204824561300583, 8.244993103273899, 9.159991021559714, 10.96831128052578, 11.847285057873643, 10.073910638513862, 9.348192579443749, 8.873930277212251, 8.03353678579288, 6.940872456415287, 9.557554111755843, 8.717605152403017, 10.335507457721256, 7.2105413573522465, 46.82393380887592, 6.278779157477078, 6.606518226430509, 6.093307463644728, 6.9913991545621235, 7.15197395348223, 9.58439523536874, 9.00689581344613, 7.869925381899388, 9.617842272353444, 9.775492628135526, 9.370601657349544, 13.404377604039032, 10.240637331896254, 7.492293376015484, 71.4180221420878, 9.636662529093512, 11.424663210760507, 7.824368078942195, 11.842774274638787, 10.126512347267015, 8.047326271438195, 7.6264751736415395, 10.02950457501337, 8.607583556566578, 7.932669593444882, 9.403027401526746, 10.10586185626195, 11.062226519275642, 12.067152870659271, 67.01666252244769, 7.636999562210766, 8.924346420893714, 8.964245983190871, 10.500857672151316, 9.0172530730695, 12.321857601246075, 10.012281437587175, 8.374883792221581, 7.360319359123978, 7.088743926075234, 14.32326502575779, 7.37666808345287, 6.813688978930002, 9.772662631756862]
E[shakespeare] = 12.781930863465492

