k = 0
nytimes
[inf, inf, inf, inf, inf, inf, inf, inf, inf, inf, inf, inf, inf, inf, inf, inf, inf, inf, inf, inf]

shakespeare
[inf, inf, inf, inf, inf, inf, inf, inf, inf, inf, inf, inf, inf, inf, inf, inf, inf, inf, inf, inf, inf, inf, inf, inf, inf, inf, inf, inf, inf, inf, inf, inf, inf, inf, inf, inf, inf, inf, inf, inf, inf, inf, inf, inf, inf, inf, inf, inf, inf, inf, inf, inf, inf, inf, inf, inf, inf, inf, inf, inf, inf, inf, inf, inf, inf, inf, inf, inf, inf, inf, inf, inf, inf, inf, inf, inf, inf, inf, inf, inf, inf, inf, inf, inf, inf, inf, inf, inf, inf, inf, inf, inf, inf, inf, inf, inf, inf, inf, inf, inf, inf, inf, inf, inf, inf, inf, inf, inf, inf, inf, inf, inf, inf, inf, inf, inf, inf, inf, inf, inf, inf, inf, inf, inf, inf, inf, inf, inf, inf, inf, inf, inf, inf, inf, inf, inf, inf, inf, inf, inf, inf, inf, inf, inf, inf, inf, inf, inf, inf, inf, inf, inf, inf, inf, inf, inf, inf, inf, inf, inf, inf, inf, inf, inf, inf, inf, inf, inf, inf, inf, inf, inf, inf, inf, inf, inf, inf, inf, inf, inf, inf, inf, inf, inf, inf, inf, inf, inf, inf, inf, inf, inf, inf, inf, inf, inf, inf, inf, inf, inf, inf, inf, inf, inf, inf, inf, inf, inf, inf, inf, inf, inf, inf, inf, inf, inf, inf, inf, inf, inf, inf, inf, inf, inf, inf]

k = 1
nytimes
[10.180440919113257, 10.919540543742905, 9.17876618083674, 9.656882839196603, 13.346563910126964, 9.299295504636614, 14.143580757315451, 16.693490461857422, 18.297168083097933, 10.795911332667746, 10.670871086214186, 9.153735886989617, 14.928090932400078, 12.290695530393396, 10.264071872264235, 10.59659221242217, 8.86023390860159, 8.188366480218855, 10.699847334133189, 13.680849173578828]

shakespeare
[67.49814812274481, 6.930428582876626, 7.180120238100191, 7.1908755121762775, 7.526994387038116, 5.164859011123481, 9.407793938097402, 8.213964688263648, 7.958491414638621, 5.893931460787773, 9.907570281189019, 6.672489787573072, 12.35627113139313, 7.673371967003356, 6.094793971568779, 67.3316885742296, 7.311168697988549, 8.624380007387076, 10.06414105290798, 9.702922980992646, 6.5587939943110305, 5.922978159846205, 7.759764210013569, 8.011785263510019, 8.323572735291464, 5.922349830431315, 7.777266813809338, 6.414150983531979, 5.97927959958713, 8.025992877323871, 67.24861280520142, 6.724588641757509, 5.15121759589645, 8.387066546179408, 6.091536521282574, 7.687702466525543, 7.290011381949333, 6.974056628909532, 11.69006817599071, 4.867931285934869, 9.1709188053012, 5.801920801926124, 6.476889145831855, 5.7270466123379995, 7.32545929092583, 67.3316885742296, 7.388451334991263, 8.481555200651345, 6.838003298440033, 7.778103353863457, 7.167987927841714, 7.889755158751407, 8.990466351163956, 7.728174867265845, 8.394827541408727, 6.711121864049829, 5.8596441423032095, 8.230703278863723, 8.361741435952503, 11.921488563590925, 67.49814812274481, 6.383190025591015, 8.096360447215941, 5.721239851866177, 9.344230025485285, 10.57430456100294, 6.1204230947272595, 9.047857785077925, 10.381729101745183, 8.084136662790977, 9.162897307714514, 7.7443448685009875, 6.0777686215773175, 6.165946521903704, 7.049685809318263, 67.3316885742296, 7.902087619168889, 7.00242638387194, 7.332423638003725, 8.19640610925703, 8.933465053772927, 6.948581986157793, 5.636801261933325, 8.65635038326175, 5.899686237762803, 10.534495706537115, 5.543389266326784, 7.658153613475903, 8.006247425678398, 7.211590319752773, 67.24861280520142, 6.999376534830425, 7.922675099364192, 7.967569935516439, 6.659931019551803, 11.284477747609893, 6.438113343339732, 7.8101770867991105, 6.419545327698345, 8.779471322805245, 9.340361051708095, 10.334147329719952, 7.101887599456927, 10.691583043455884, 10.2786230008937, 78.74065212006006, 7.786483435562625, 10.594788117837037, 8.807193806544225, 8.474100661330597, 8.609475493749498, 7.644285118364869, 5.916163526536841, 5.3575131975965835, 5.961270983514983, 9.847447136720358, 5.9382798558226835, 8.244522289240502, 7.46748952925203, 8.69559528707926, 67.3316885742296, 7.807175845689798, 7.764309281129324, 9.471958931113477, 7.314966368695727, 5.768421964851792, 6.474020638122079, 7.093860473929397, 5.638468223328018, 7.134205824469531, 6.090051783193268, 6.06202508784127, 13.784635319791217, 7.778236255351417, 8.945900873579454, 67.49814812274481, 6.797683038533835, 8.021215611781571, 7.36756632201275, 9.765394849564979, 4.996503438442102, 6.601475564514289, 8.93263991192105, 5.800077023516292, 5.426752651745352, 8.231898031395392, 5.670437127641953, 8.797941066280261, 6.162315149282813, 6.160753314060265, 67.3316885742296, 7.2021126806147535, 5.733214581495569, 6.666955830124583, 5.955313854426759, 7.6162679897021395, 7.81552663552759, 6.264191125084877, 6.183096936636205, 5.727979155594655, 12.562152703520622, 7.100962570579119, 6.553876204319999, 9.063441742720284, 6.924203027871285, 67.24861280520142, 5.213669343604443, 7.813876549270593, 7.857649117532921, 10.799455541966546, 9.567298737023078, 10.801115940665213, 9.038517576154153, 8.353298070527984, 6.943082175868121, 6.700473083745123, 6.1495492649417915, 8.581583845955587, 9.08897777339504, 6.099027716289425, 67.19881655249026, 5.4522635342565176, 5.926466731520295, 4.834756119961866, 6.017736437195953, 5.423793915513728, 6.206003693663181, 6.739814011950467, 6.064656714062878, 8.90636752320041, 6.984880204982469, 7.310651908987496, 8.560650680806342, 9.368015362605652, 6.4574998856961265, 67.24861280520142, 8.006866114089089, 9.242145850836168, 7.1665854473364785, 9.970198307323608, 8.258750390309556, 7.498156126201045, 6.21119523701011, 9.714958753104584, 6.138374983210626, 7.3702153373020876, 6.36785442280986, 6.11535918612969, 9.344109354704594, 10.526576841765339, 67.3316885742296, 5.7883385576937965, 5.583013023168458, 7.2264943653105576, 7.27187938155998, 6.547129203674453, 10.021866943557999, 9.46440528037, 6.150777696554027, 5.605952643962409, 5.924853478668095, 10.958917373942082, 6.691016576807436, 7.303470967789289, 10.478691799968434]

k = 5
nytimes
[7.542293370430642, 7.890079582043024, 6.923413539697039, 7.757451465770861, 9.442623690485197, 7.587739708209235, 10.997592020178088, 13.141844319005134, 13.392812964687993, 8.14565192164336, 7.881277186010239, 7.084500813343962, 11.510475271287442, 9.888901757761182, 7.889600053557251, 8.332689100162549, 6.964004601814565, 6.654918916599098, 8.424538541700553, 9.5732053006276]

shakespeare
[30.186089511561438, 6.135916853744599, 6.2570948572387834, 6.225271612402309, 6.530987770721009, 4.704407416180115, 6.863757285418657, 7.094528167229928, 6.638665548644136, 5.263163911111931, 8.162235366276807, 5.7021721530397045, 9.692787796803316, 6.314481616574562, 5.4294928781313665, 39.37581034697437, 6.521247677519981, 7.099523783099023, 7.967092122774001, 7.793764383338386, 5.692946615552067, 5.12340842062585, 6.353769692086227, 6.618119131518289, 6.969044179070292, 5.159043790398156, 6.60589875839649, 5.717743204293447, 5.281117911341506, 6.730982087561156, 44.971857836591724, 5.609985379110962, 4.807151321586713, 6.788076729013832, 5.302134011275111, 6.491375793906682, 6.074137848473758, 6.3266058116067665, 8.557962345797492, 4.53761812903412, 7.036443432456061, 5.334999153364464, 5.766273336762748, 5.253674252861894, 6.024380613505836, 39.37581034697437, 6.1560358341015995, 6.962583502990464, 5.843786867295171, 6.730824975235437, 6.139926559488369, 6.680258106094476, 7.289129343819353, 6.359598969226116, 6.901852623153219, 5.897495924517471, 5.406051414969306, 6.586700432051709, 6.342460637617348, 8.23238832921615, 30.186089511561438, 5.559683739746525, 6.695619815347252, 5.210989753538932, 7.492977005667574, 8.071603204001805, 5.658388073861378, 6.973863111971398, 7.982126436130411, 6.67124645882947, 7.209741303287346, 6.444181543872262, 5.4541142023841696, 5.666793635776852, 6.303959196614015, 39.37581034697437, 7.05316698908642, 6.246984993781101, 5.971693158627881, 6.723789552005746, 7.266114606994442, 5.742880875516281, 5.266349375161598, 7.582805151912071, 5.38739507283097, 8.3860433595967, 4.985109925183511, 6.739017740356031, 6.79059105234002, 6.4967535152099085, 44.971857836591724, 6.011036450073748, 6.463903423911467, 6.5962155557652595, 5.702546270632472, 8.520527009358347, 5.665972318146889, 6.673965330429101, 5.479702111472084, 6.978413682380946, 7.368797591730552, 8.68481883579745, 6.020429821125993, 8.617020960710894, 8.260425960294489, 41.36290242604445, 6.327866807101607, 8.061421039817292, 7.596698370752742, 7.222838356051846, 7.197601998449875, 6.510928324808484, 5.4210086400362725, 4.684452015172132, 5.345967244387003, 7.852429395717402, 5.276331811929294, 7.288398187088826, 6.3253239495216755, 7.009348288659693, 39.37581034697437, 6.558237055982775, 6.543401642035774, 7.452478321468674, 6.253184758030894, 5.271431368869063, 5.879922171208658, 6.26970080104461, 4.964300465733727, 5.937733741225002, 5.340475112985337, 5.5361288985484505, 9.985296868375242, 6.158479398211087, 7.4345404313600705, 30.186089511561438, 5.682026653641912, 6.837991242018216, 6.335088226255221, 8.292624896991144, 4.468615241690759, 5.778102176088734, 7.393941043148043, 5.145877777657063, 5.029301923970592, 7.148274646755076, 5.284008757882384, 7.130057457971191, 5.703867199802249, 5.540019977280385, 39.37581034697437, 6.086240628323485, 5.047455230054955, 5.656178228847906, 5.37227515024438, 6.599885962537922, 6.731467192348149, 5.672258261177336, 5.431291150506118, 5.221750281855144, 9.37778483317306, 6.338544682479954, 5.696602570107486, 7.68902808022071, 5.78666698395521, 44.971857836591724, 4.889341750045097, 6.774833536609749, 6.732214864216479, 8.211803509030217, 7.84200755184589, 8.60781121410036, 7.424053782216417, 6.846349473908325, 6.0191805434151116, 5.865006563007921, 5.520071921640389, 7.335399447948739, 7.1169596715862715, 5.579174206777279, 48.704335660453054, 4.889721111040071, 5.424091186351185, 4.474211107608815, 5.3494707859925565, 5.013555612819801, 5.286876983173889, 5.705986238658234, 5.149287453127474, 7.653395274500902, 5.800198531398015, 6.075695125047042, 7.0345391101237835, 7.249727949584016, 5.904131246469848, 44.971857836591724, 6.781011804755328, 6.891294996049342, 6.079184123043386, 7.555543196775655, 7.070603837646852, 6.659319190171584, 5.508877274237668, 7.877977267034419, 5.393593707167008, 6.519003734656968, 5.147941426998613, 5.372836622301307, 7.163221315973013, 8.451281977180042, 39.37581034697437, 5.336769125205664, 5.055460481423076, 6.210158764236177, 6.413638753923269, 5.983003056059744, 7.6496593624773395, 7.437911781099818, 5.423471710647689, 5.175330965809375, 5.429923202302869, 8.317652244161506, 5.827173268187391, 6.534592489790536, 8.134521803883462]

k = 10
nytimes
[6.204496502240191, 6.437067813168337, 5.758369390491274, 6.751011354598133, 7.773893659495295, 6.602117119361971, 9.392742611651759, 11.201846307643322, 11.042204234606052, 6.879160680450294, 6.4671702637375414, 6.016938654078463, 9.8712577379901, 8.556126537607822, 6.677332844939327, 7.218142575368713, 5.910173217586233, 5.78497778695803, 7.204673256053446, 7.779166876083901]

shakespeare
[21.34478859112921, 5.576306912063614, 5.6252465170923065, 5.609168113645106, 5.930347189565121, 4.395289741791899, 5.634143519329914, 6.293018527017072, 5.854827180376379, 4.83106130382833, 7.06773203949947, 5.144015964105929, 8.169919806184701, 5.51648815855072, 4.987497007723062, 31.252601383443707, 5.936829572610224, 6.2310154778995575, 6.782700933116914, 6.751798794391513, 5.177950374630984, 4.661379826501036, 5.570760951397938, 5.856808660196797, 6.231350557468014, 4.712171607723688, 5.968416286296092, 5.229281619330259, 4.855415093224933, 6.004600376739753, 37.81667404208963, 5.010094205154905, 4.562092288944541, 5.8646731451724285, 4.803385410667025, 5.744790395722912, 5.386901298113296, 5.865429170690293, 7.087014192197506, 4.309377695974878, 5.95333714465243, 4.97352936671033, 5.257420652087524, 4.91871432196945, 5.382956957062329, 31.252601383443707, 5.389643965984992, 6.074649961781792, 5.2767615425920305, 6.080773371140164, 5.4468836099163775, 5.941326008080941, 6.297097554250438, 5.576545517800225, 5.970491411384743, 5.377430893373072, 5.07794468308151, 5.673890967103937, 5.353168821367614, 6.655675912193207, 21.34478859112921, 5.019880057482365, 5.851143452395569, 4.854177038542732, 6.504791131726198, 6.715113439073638, 5.311104168390668, 5.869397002253509, 6.734404524359122, 5.824116179774962, 6.13309952613968, 5.572569867913473, 5.038090944140613, 5.280679739350731, 5.767366981802719, 31.252601383443707, 6.4093894041142265, 5.704738553215605, 5.240018986786036, 5.91358411531858, 6.294320165407294, 5.1215347160923566, 5.007889205779864, 6.830702595178236, 5.010825293833144, 7.336089921160247, 4.6534881206355685, 6.105855186224161, 6.017151944530242, 5.968231906267988, 37.81667404208963, 5.431861762111506, 5.62221668200451, 5.771910294439061, 5.118001547751217, 7.158003611969409, 5.13028492912348, 5.9116483025898905, 4.848419995492181, 5.972224550839693, 6.34709425296367, 7.525947343137248, 5.345559877371993, 7.4851473266466275, 7.138697088432366, 31.347218223054355, 5.498313684663383, 6.702064076909542, 6.919323835344481, 6.546129595002332, 6.2873917468290585, 5.795628447245547, 5.041838429779919, 4.319990810845583, 4.9067279264628665, 6.592996033237461, 4.827185537429938, 6.5992426845587255, 5.629074720192181, 6.0879652583458626, 31.252601383443707, 5.797985365448725, 5.883245739305011, 6.384545470635195, 5.671305211129454, 4.925636853616812, 5.44152956137278, 5.662281807346852, 4.529338777308734, 5.216413207545154, 4.834856947739067, 5.153038937513641, 8.079123139728779, 5.342911704036126, 6.633511295311608, 21.34478859112921, 5.050014898171855, 6.015477344010565, 5.760751106471731, 7.433463704395741, 4.1094463527352705, 5.2326811145270264, 6.396216912069726, 4.749372166953358, 4.751722028549355, 6.468851693371434, 5.013944667867703, 6.244438689309487, 5.3854847987062335, 5.163126990820438, 31.252601383443707, 5.439565131428061, 4.6328520139399805, 5.054996031492867, 4.969468007388373, 5.8980148935300685, 6.033803635425246, 5.244240842629172, 4.939879397183055, 4.859342891826881, 7.697347481657468, 5.759427033731857, 5.087989585562518, 6.936705899105991, 5.163263587803127, 37.81667404208963, 4.652192624365919, 6.062934648527802, 6.001243218204236, 6.882611106871581, 6.765156997800691, 7.310597511986059, 6.525553276807276, 5.96323593601127, 5.47084343252071, 5.355065859334131, 5.063105100588048, 6.598722892556523, 6.0794462369177635, 5.263643634985414, 42.39958684417089, 4.539467681002398, 5.0648008083929135, 4.232765442507575, 4.93456323399894, 4.715634058477137, 4.72327161012239, 5.079441281015203, 4.643907837609992, 6.804989346550753, 5.081897422563144, 5.371250621943365, 6.040031142377196, 6.153575873114243, 5.507419895955854, 37.81667404208963, 5.988804369312587, 5.831375297774026, 5.442309683866617, 6.3209795637542445, 6.310552710594673, 6.0732092332399334, 5.079314738863807, 6.782515782379306, 4.9073072869998455, 5.934354615559989, 4.562109424979129, 4.941384749860656, 6.0484154976383415, 7.294664346947213, 31.252601383443707, 5.022306817735171, 4.668661577772832, 5.520173767403306, 5.776189100722608, 5.548841975555183, 6.384256118434887, 6.3213314886873055, 5.002176567689603, 4.8665517971710885, 5.077493447645213, 6.898547851081162, 5.254120662915769, 6.023770261486888, 6.894414551634176]

k = 100
nytimes
[2.153879813063891, 2.2628641936286726, 2.1166984616624487, 3.0390515074662776, 3.028495353868209, 2.7963526836591264, 4.094749197273045, 4.762740656313171, 4.085272973803072, 2.8299524827315796, 2.2058408003708654, 2.424956049455546, 4.562248826865113, 3.7349132156172367, 2.7212858565454536, 3.4105976557155473, 2.3519039390142646, 2.5243480168412837, 3.001575265257516, 2.7897787249354966]

shakespeare
[6.749814812274479, 2.6160631997394077, 2.6966142077041, 2.8552887517155043, 3.0905829219555514, 2.6572365633224986, 1.9322767259063816, 2.7588251289715933, 2.682396554192279, 2.639291618277661, 3.0263164206670323, 2.7816519208383115, 3.020464522718877, 2.5437895513622375, 2.9345896619114367, 14.50617256027436, 2.9467770110146994, 2.7559834464558866, 2.659904193462133, 2.93980200568443, 2.8093060957334908, 2.658814537790176, 2.6109402418534318, 2.846303834349716, 3.1023210337603984, 2.627277569653328, 3.226602501106675, 2.774152876137901, 2.882372391945907, 3.001967926546377, 21.265878595120153, 2.594357533795098, 2.9930079620492296, 2.421007595140987, 2.5780205233862983, 2.753811915922195, 2.672864972503477, 3.3897817010517017, 2.6464093310672343, 2.9054327694924726, 2.4110687663352546, 2.7745999976997946, 2.6169102809299982, 2.964526768630748, 2.8513153524350345, 14.50617256027436, 2.415183902670856, 2.673512604941304, 2.6458309237135387, 3.117752462372661, 2.4462535972474555, 2.8754155944905024, 2.568397180695936, 2.5215163901108686, 2.508646758455474, 2.8293746426727284, 3.059910969409191, 2.4307509162008203, 2.2617156234208706, 2.331596504294787, 6.749814812274479, 2.633535680164305, 2.5801298615165686, 2.870729593389605, 2.850063580996998, 2.37802604812367, 3.049787618071155, 2.311359201135543, 2.714490612865215, 2.608811177567232, 2.2964074778690833, 2.2457717961212977, 2.840323383877483, 2.9735927129162363, 3.1191527930576197, 14.50617256027436, 3.046078651648542, 3.0262153412543356, 2.523638264827071, 2.6800204189605403, 2.7381778109217723, 2.7444654120969263, 3.2781362325831926, 3.196683948820028, 2.9321086481331213, 3.541641909527689, 2.8763602466238503, 3.0378488709243157, 2.905341275515498, 3.1663842563364044, 21.265878595120153, 3.087680589596317, 2.4386580163306757, 2.638358882191213, 2.528590446658384, 2.8911778642361945, 2.5200578061548313, 2.6355683564854866, 2.144746302141364, 2.482935476080033, 2.6525169751898763, 2.8577412289008883, 2.570352571543012, 3.4826518890095772, 2.9025978951416738, 12.479552351503195, 2.427356827302205, 2.471635063671968, 4.03782500076919, 3.650744594127723, 2.799653816546468, 2.7349962076656076, 2.72435107669049, 2.6389312161474536, 2.6583249147322796, 2.274659521158462, 2.6054862937278673, 3.1798533983222854, 2.5902972044629933, 2.8380810797536378, 14.50617256027436, 2.6900630332173456, 3.0450965576539386, 2.7164239418581855, 3.0974015510124375, 3.0239871335358437, 3.0235219684650234, 2.6328491676199635, 2.3262737361381554, 2.39574014623092, 2.5703459236474524, 2.919682527352575, 2.6733055856785284, 2.5307382797466875, 3.510064744609841, 6.749814812274479, 2.506147287419403, 2.5856473570983347, 3.1738273240845407, 3.941292150376581, 2.2461120122066975, 2.7191546182707476, 2.578705720190683, 2.687550312177829, 3.0760452711079984, 3.335169975353643, 3.217361088233846, 2.844186633237604, 3.4566900394318707, 3.138806297041657, 14.50617256027436, 2.6868728747778317, 2.760855664835755, 2.5668419005434906, 2.810964338201152, 2.6249529858057197, 2.988753729378319, 2.945954173901801, 2.7361036591928958, 2.8697910356865184, 2.60691590805124, 2.824821292739445, 2.330480842134994, 3.7695936386748725, 2.633047902767702, 21.265878595120153, 2.958117792629041, 2.948971214011603, 2.8003889061262126, 2.604541371832235, 2.597776060443427, 2.918404069982037, 2.8506837719102225, 2.7171070799899484, 2.885873543190405, 2.9885227206073837, 2.6768792683800973, 3.364404989304439, 2.602933726558871, 3.3464258663148567, 26.752330722255397, 2.8366202626757797, 3.044518900926853, 2.7861821364124473, 2.79389969367793, 2.915204932907319, 2.2432200740092307, 2.4783985184300006, 2.518827131308291, 3.0575949493631676, 2.343549429783972, 2.587830781111506, 2.262483300144337, 2.6196560890549225, 3.230054217119836, 21.265878595120153, 2.6711326256328567, 2.576081240248213, 2.7786845875823456, 2.305484563091393, 2.859201575915511, 3.1563261751631884, 2.932530577024272, 2.8188666086171628, 2.5448579624466694, 3.112157149833444, 2.356539073356641, 2.890637352344559, 2.588626865664049, 3.116679976480114, 14.50617256027436, 3.1004469001878925, 2.4962681898672345, 2.640991074718098, 2.6912382526088905, 2.9161755520195114, 2.4118933790917723, 2.502653489597121, 2.954701332842375, 2.984854877348889, 3.096039291756558, 2.4312081904126885, 2.714970817161316, 3.4771515460536966, 2.8098205781852137]


