nytimes
[inf, inf, inf, inf, inf, inf, inf, inf, inf, inf, inf, inf, inf, inf, inf, inf, inf, inf, inf, inf]
E[nytimes] = inf
shakespeare
[inf, inf, inf, inf, inf, inf, inf, inf, inf, inf, inf, inf, inf, inf, inf, inf, inf, inf, inf, inf, inf, inf, inf, inf, inf, inf, inf, inf, inf, inf, inf, inf, inf, inf, inf, inf, inf, inf, inf, inf, inf, inf, inf, inf, inf, inf, inf, inf, inf, inf, inf, inf, inf, inf, inf, inf, inf, inf, inf, inf, inf, inf, inf, inf, inf, inf, inf, inf, inf, inf, inf, inf, inf, inf, inf, inf, inf, inf, inf, inf, inf, inf, inf, inf, inf, inf, inf, inf, inf, inf, inf, inf, inf, inf, inf, inf, inf, inf, inf, inf, inf, inf, inf, inf, inf, inf, inf, inf, inf, inf, inf, inf, inf, inf, inf, inf, inf, inf, inf, inf, inf, inf, inf, inf, inf, inf, inf, inf, inf, inf, inf, inf, inf, inf, inf, inf, inf, inf, inf, inf, inf, inf, inf, inf, inf, inf, inf, inf, inf, inf, inf, inf, inf, inf, inf, inf, inf, inf, inf, inf, inf, inf, inf, inf, inf, inf, inf, inf, inf, inf, inf, inf, inf, inf, inf, inf, inf, inf, inf, inf, inf, inf, inf, inf, inf, inf, inf, inf, inf, inf, inf, inf, inf, inf, inf, inf, inf, inf, inf, inf, inf, inf, inf, inf, inf, inf, inf, inf, inf, inf, inf, inf, inf, inf, inf, inf, inf, inf, inf, inf, inf, inf, inf, inf, inf]
E[shakespeare] = inf

nytimes
[10.180440919113257, 10.919540543742905, 9.17876618083674, 9.656882839196603, 13.346563910126964, 9.299295504636614, 14.143580757315451, 16.693490461857422, 18.297168083097933, 10.795911332667746, 10.670871086214186, 9.153735886989617, 14.928090932400078, 12.290695530393396, 10.264071872264235, 10.59659221242217, 8.86023390860159, 8.188366480218855, 10.699847334133189, 13.680849173578828]
E[nytimes] = 11.592249747490389
shakespeare
[67.49814812274481, 6.930428582876626, 7.180120238100191, 7.1908755121762775, 7.526994387038116, 5.164859011123481, 9.407793938097402, 8.213964688263648, 7.958491414638621, 5.893931460787773, 9.907570281189019, 6.672489787573072, 12.35627113139313, 7.673371967003356, 6.094793971568779, 67.3316885742296, 7.311168697988549, 8.624380007387076, 10.06414105290798, 9.702922980992646, 6.5587939943110305, 5.922978159846205, 7.759764210013569, 8.011785263510019, 8.323572735291464, 5.922349830431315, 7.777266813809338, 6.414150983531979, 5.97927959958713, 8.025992877323871, 67.24861280520142, 6.724588641757509, 5.15121759589645, 8.387066546179408, 6.091536521282574, 7.687702466525543, 7.290011381949333, 6.974056628909532, 11.69006817599071, 4.867931285934869, 9.1709188053012, 5.801920801926124, 6.476889145831855, 5.7270466123379995, 7.32545929092583, 67.3316885742296, 7.388451334991263, 8.481555200651345, 6.838003298440033, 7.778103353863457, 7.167987927841714, 7.889755158751407, 8.990466351163956, 7.728174867265845, 8.394827541408727, 6.711121864049829, 5.8596441423032095, 8.230703278863723, 8.361741435952503, 11.921488563590925, 67.49814812274481, 6.383190025591015, 8.096360447215941, 5.721239851866177, 9.344230025485285, 10.57430456100294, 6.1204230947272595, 9.047857785077925, 10.381729101745183, 8.084136662790977, 9.162897307714514, 7.7443448685009875, 6.0777686215773175, 6.165946521903704, 7.049685809318263, 67.3316885742296, 7.902087619168889, 7.00242638387194, 7.332423638003725, 8.19640610925703, 8.933465053772927, 6.948581986157793, 5.636801261933325, 8.65635038326175, 5.899686237762803, 10.534495706537115, 5.543389266326784, 7.658153613475903, 8.006247425678398, 7.211590319752773, 67.24861280520142, 6.999376534830425, 7.922675099364192, 7.967569935516439, 6.659931019551803, 11.284477747609893, 6.438113343339732, 7.8101770867991105, 6.419545327698345, 8.779471322805245, 9.340361051708095, 10.334147329719952, 7.101887599456927, 10.691583043455884, 10.2786230008937, 78.74065212006006, 7.786483435562625, 10.594788117837037, 8.807193806544225, 8.474100661330597, 8.609475493749498, 7.644285118364869, 5.916163526536841, 5.3575131975965835, 5.961270983514983, 9.847447136720358, 5.9382798558226835, 8.244522289240502, 7.46748952925203, 8.69559528707926, 67.3316885742296, 7.807175845689798, 7.764309281129324, 9.471958931113477, 7.314966368695727, 5.768421964851792, 6.474020638122079, 7.093860473929397, 5.638468223328018, 7.134205824469531, 6.090051783193268, 6.06202508784127, 13.784635319791217, 7.778236255351417, 8.945900873579454, 67.49814812274481, 6.797683038533835, 8.021215611781571, 7.36756632201275, 9.765394849564979, 4.996503438442102, 6.601475564514289, 8.93263991192105, 5.800077023516292, 5.426752651745352, 8.231898031395392, 5.670437127641953, 8.797941066280261, 6.162315149282813, 6.160753314060265, 67.3316885742296, 7.2021126806147535, 5.733214581495569, 6.666955830124583, 5.955313854426759, 7.6162679897021395, 7.81552663552759, 6.264191125084877, 6.183096936636205, 5.727979155594655, 12.562152703520622, 7.100962570579119, 6.553876204319999, 9.063441742720284, 6.924203027871285, 67.24861280520142, 5.213669343604443, 7.813876549270593, 7.857649117532921, 10.799455541966546, 9.567298737023078, 10.801115940665213, 9.038517576154153, 8.353298070527984, 6.943082175868121, 6.700473083745123, 6.1495492649417915, 8.581583845955587, 9.08897777339504, 6.099027716289425, 67.19881655249026, 5.4522635342565176, 5.926466731520295, 4.834756119961866, 6.017736437195953, 5.423793915513728, 6.206003693663181, 6.739814011950467, 6.064656714062878, 8.90636752320041, 6.984880204982469, 7.310651908987496, 8.560650680806342, 9.368015362605652, 6.4574998856961265, 67.24861280520142, 8.006866114089089, 9.242145850836168, 7.1665854473364785, 9.970198307323608, 8.258750390309556, 7.498156126201045, 6.21119523701011, 9.714958753104584, 6.138374983210626, 7.3702153373020876, 6.36785442280986, 6.11535918612969, 9.344109354704594, 10.526576841765339, 67.3316885742296, 5.7883385576937965, 5.583013023168458, 7.2264943653105576, 7.27187938155998, 6.547129203674453, 10.021866943557999, 9.46440528037, 6.150777696554027, 5.605952643962409, 5.924853478668095, 10.958917373942082, 6.691016576807436, 7.303470967789289, 10.478691799968434]
E[shakespeare] = 11.650336334193321

nytimes
[11.729925137739741, 12.311343563871322, 10.537112284846607, 10.684423019912455, 14.64968224492412, 10.540790740341993, 15.489612291301205, 18.539983599674645, 20.505873639175082, 11.87559387420707, 12.371179851087092, 10.260333628604805, 16.219771799481233, 13.753657494363035, 11.488419825420017, 11.549458759288902, 10.073581015650703, 9.265275460555966, 12.033821294533812, 15.407221333585374]
E[nytimes] = 12.964353042928261
shakespeare
[67.24953531437966, 7.9942040269937324, 8.229395048603488, 7.931137848153865, 8.271482585362778, 5.74201211524587, 11.153810206108284, 9.573416530470297, 8.859663938751734, 6.638416360032493, 11.32328006233941, 7.372934809242626, 14.146009526265333, 8.787528671740542, 6.662948929094956, 67.16625378334268, 8.274377194228137, 9.72455588790967, 11.512449518827859, 10.733826410987401, 7.173533748082972, 6.449202144006825, 8.712070239146927, 9.038189217604831, 9.138010379863152, 6.492998153897066, 8.429108815757516, 7.285934476718338, 6.4384950438883575, 8.810459720030554, 67.12465170161727, 7.4190180409597914, 5.54204069300194, 9.651647356333717, 6.78171331309136, 8.465002723435981, 8.195484100089297, 7.719851159374502, 13.215781444196027, 5.240860016650135, 10.542945411965203, 6.501494408971366, 7.533688957442173, 6.303255467918991, 7.923756151130327, 67.16625378334268, 8.540840133305693, 9.732284965602808, 7.578470666338121, 8.496555206054689, 8.332877395651165, 8.889721021019193, 10.397337809618195, 8.752577305063054, 9.636352889548546, 7.389771406709799, 6.370884152773581, 9.43673577965631, 9.401069289321347, 13.436053453175683, 67.24953531437966, 7.081356178827498, 9.292911829665137, 6.312839864223303, 10.319866823966562, 12.059252208827669, 6.910885261384307, 10.425606429798393, 11.688628184543743, 9.032768724766122, 10.803481985048148, 9.210861280278511, 6.710782696068394, 6.821115917105562, 7.842897075547378, 67.16625378334268, 9.002945984622855, 7.860442370083811, 8.045629150369503, 9.242664758484983, 10.254664373621965, 7.531972306358565, 6.047093643759873, 9.733654717255533, 6.476579893857348, 11.201355775965272, 5.958396723733568, 8.728348044093188, 8.897312293100379, 8.139175654033608, 67.12465170161727, 7.583243433359227, 9.056570349752965, 9.110071638905383, 7.499402699049496, 12.716969153343488, 7.50688186602874, 8.927418829447385, 7.76473926439025, 9.837927840688971, 10.46175372634281, 12.21807618813785, 7.903254365714328, 11.92989849785017, 11.70873084184469, 73.75429720610012, 8.919091223990113, 11.959994698393627, 9.290097134763236, 9.095470096781874, 9.821541117525692, 8.661254201379698, 6.727097529087851, 5.729711627494668, 6.652376739470298, 11.74556078787018, 6.711066766702479, 9.297560258260097, 8.521724445026013, 9.691874949391314, 67.16625378334268, 8.98068006844714, 8.51145345554215, 10.871221254525448, 7.8596347100982324, 6.252986142977324, 7.1749786871098955, 8.248779154909839, 6.488717662048079, 8.114980560862309, 6.826204469418213, 6.701221108007196, 15.853924095630385, 8.557903902692793, 9.709736367007572, 67.24953531437966, 7.500703954026232, 9.34638074529795, 8.0426890884979, 10.337258570833415, 5.632286203646674, 7.4054611396647045, 10.670067428490553, 6.376885228317291, 5.887806892136113, 9.081307965725227, 6.17341029163651, 9.76640898379561, 6.693060541224487, 6.6478859807856425, 67.16625378334268, 7.9474682106827395, 6.098070223734605, 7.378091213165736, 6.6162744732852214, 8.75668740457492, 8.683858824889358, 6.848938971689048, 6.7717162388293595, 6.261059954126026, 14.39992332070071, 8.03002893109428, 7.535179056046672, 9.820204854952133, 7.5867408346086505, 67.12465170161727, 5.7046280049999805, 8.776906451689051, 8.908525219873628, 12.173271755805278, 11.14051577128078, 12.283868330490241, 10.252811751058418, 9.300603379479627, 7.691364335705242, 7.212198856097348, 6.979115732788101, 9.27288640907926, 10.382981462204649, 6.586760487908175, 67.09970282219494, 5.867033699175766, 6.4996551462473455, 5.2573957655984795, 6.610467003825571, 5.889692463929052, 7.177496288615944, 7.5926519397940995, 6.544666350923162, 10.079427392329734, 7.9577829434035845, 8.201827536041165, 10.337665155401792, 10.568997765330353, 7.023051402936495, 67.12465170161727, 9.18470932672736, 10.05341472553625, 7.999271772668907, 11.572275067201643, 9.304038698150464, 8.353240253389664, 6.702329332743338, 10.995741200887478, 6.961840015092292, 8.071972416644577, 7.042417420613554, 6.722075983634727, 10.62985086299322, 11.797323955447972, 67.16625378334268, 6.274821110705638, 6.375476727706838, 8.169777071746637, 8.514506577106179, 7.428295187339999, 11.59962108194216, 10.827616087756258, 6.68606495599321, 6.147308976284268, 6.4775182458756255, 12.86570142019404, 7.495667088446578, 7.989874540001118, 11.870886611741554]
E[shakespeare] = 12.488645648481844

nytimes
[14.919646803153864, 15.132022658150671, 13.289248524239154, 13.029889093331313, 17.409500446638916, 13.283118116513707, 18.251649648347982, 22.167699339864914, 24.900752560376993, 14.25100844656236, 15.88956362896517, 12.695826091620157, 18.82142020987245, 16.780855063357283, 13.94665354188689, 13.549191519863921, 12.583434891047117, 11.558239710434405, 14.786190870638524, 18.916519190524642]
E[nytimes] = 15.808121517769518
shakespeare
[67.0999254843103, 10.52210437748719, 10.48963655425988, 9.545491393184864, 10.028738177623667, 7.0668113341275465, 14.642488518341816, 12.432459337446792, 10.87456870685808, 8.266719104058332, 14.06403139279695, 8.937809390212987, 17.80982358725721, 11.014504592107388, 7.85857157314472, 67.06660044146474, 10.401905873537503, 12.284164471183622, 14.610715415427883, 13.007914380769451, 8.642007003219351, 7.634003474751819, 10.760106424890797, 11.199397277660301, 11.136979944662658, 7.869450146018565, 10.029903915050104, 9.317779230641793, 7.468335315313529, 10.606491076846128, 67.04994412711157, 8.934700673126855, 6.510338243523087, 12.382886382846984, 8.283781975833612, 10.116619935780443, 10.120522465364028, 9.286285735394356, 16.26574373531059, 6.13578361306704, 13.302487037598913, 8.110040604168942, 9.877441486303761, 7.686002955318017, 9.35639000740051, 67.06660044146474, 10.906806310476508, 12.295858861568483, 9.372787982548948, 10.18509561404849, 10.875432554115699, 11.016437430600547, 13.378667864545008, 10.999997152366994, 12.035955766864188, 9.033510683144327, 7.636561698129013, 11.909763976169604, 11.430814725422813, 16.550533943612997, 67.0999254843103, 8.543952976283057, 11.725683293447556, 7.723931444157525, 12.472879945823708, 15.187378749753487, 8.722464764837365, 13.145046284215368, 14.458789263261504, 11.089718094794012, 14.538993329258933, 12.24142210125319, 8.249630395786424, 8.421808145489297, 9.560890033380748, 67.06660044146474, 11.476151585936254, 9.726865607148941, 9.618031087488166, 11.586134827258931, 12.966310665472356, 8.843941261813866, 7.082272932774212, 12.27164257419404, 7.7686739564264595, 12.951591686778572, 7.022495698380817, 11.156518699001515, 10.645583481058795, 10.157425638472747, 67.04994412711157, 8.788573308126578, 11.592537825363667, 11.457045821893294, 9.4955725658248, 15.597248712046252, 9.94074086748166, 11.508760234341384, 10.720667656264844, 12.005918936944735, 12.940147424450492, 16.18100678816249, 9.627867519243415, 14.336241533200015, 14.885792781544751, 70.0073117877997, 11.256324953941624, 14.787909946137889, 10.465070582171455, 10.641968800783928, 12.180137947674504, 10.922638145068154, 8.663500441880755, 6.663137536186621, 8.251914761786741, 15.956039018068845, 8.431753993296432, 11.78536224322865, 10.956929777234274, 11.65362066725081, 67.06660044146474, 11.538649094104096, 10.230454772752621, 13.646310169982925, 9.177606263124705, 7.410914206905524, 8.781211581587062, 10.829951460678945, 8.550860958739852, 10.12917560045854, 8.405839624814897, 8.221304946208608, 19.785491998342945, 10.264595863606996, 11.489416991749327, 67.0999254843103, 9.035410771051168, 12.143612416210514, 9.578027389257517, 11.667756882049563, 7.120915367286, 9.10905299198628, 14.234009481422934, 7.809798811032295, 6.970394831583751, 10.978172129590895, 7.459403219553537, 11.95036775759089, 7.892358658666657, 7.835410559812138, 67.06660044146474, 9.647824439204891, 6.97657426618373, 8.963597082667937, 8.153564442651112, 11.408453430242936, 10.53648715934053, 8.214986461353906, 8.02807431314949, 7.496796040438706, 18.342596843682223, 10.121987998050056, 9.778257484029231, 11.40781996017609, 9.069709908504036, 67.04994412711157, 6.913980165551059, 10.859415182134668, 11.304634262240304, 15.069881290683453, 14.62795336665999, 14.921965293908668, 13.074447136770708, 11.213706263928113, 9.466037314350533, 8.385877750192165, 8.903814764401748, 10.966225265100906, 12.877032370826278, 7.821125637011154, 67.03995232417, 6.749993246596177, 7.785361818382019, 6.2810318843523385, 7.972583350191541, 7.015647843082762, 9.318674997197741, 9.43413144489044, 7.692815450587489, 12.651580820199545, 9.975789619904758, 10.119499072159988, 14.248527856275613, 12.922614409357246, 8.380733444183623, 67.04994412711157, 11.708159538376215, 11.742375904605673, 9.809832230212269, 15.126186428434693, 11.77469408627513, 10.2971867251786, 7.939254262217553, 13.57382941804097, 8.872055945985249, 9.6894425935371, 8.591575943353506, 8.136970920447498, 12.926472964043464, 14.591055645628018, 67.06660044146474, 7.4913749183743885, 8.292729490381113, 10.091329195138028, 11.154785195019416, 9.514597205121449, 14.545519844518143, 13.60063704717568, 7.980681258300472, 7.408013412718596, 7.828859799577805, 16.53697123151786, 9.266086618693006, 9.453792640888272, 14.59232422280708]
E[shakespeare] = 14.366232538118792

nytimes
[23.368914661083956, 22.267624080594167, 20.23529904737574, 19.772989963338713, 24.56165408115576, 20.900756056438723, 25.120750884057003, 30.74796693574937, 34.75000450181374, 20.89447004317115, 24.688838555922235, 19.429876433849305, 25.262621578727217, 24.590152523574424, 20.581137183515267, 18.972389543797686, 19.148614385880872, 17.7685197512155, 21.907528713318108, 27.19539396922806]
E[nytimes] = 23.108275144690346
shakespeare
[67.02499533756047, 18.700485499945742, 16.750863252332064, 14.317067428395395, 15.581048475360813, 11.272694972579954, 23.16219421612337, 19.99694427954354, 16.784763070777597, 13.119192908130545, 20.792560394374103, 13.926406702371596, 27.11822115595924, 16.784280345658196, 11.260863782416617, 67.01666252244769, 16.519432505766872, 19.868492980558795, 23.13970571358496, 19.643139116762036, 13.402644517415043, 11.275014720873386, 16.77473016782545, 17.203717604960023, 17.63170350572002, 12.523783156956831, 14.97115572165405, 15.525408884356953, 10.815008165809227, 15.971419224184418, 67.01249650338767, 13.137650139111535, 9.78555915707235, 19.802645181420452, 12.964606674697166, 15.1049187920244, 15.494087842210869, 13.595323824386389, 23.73217960394045, 9.124448415836374, 20.392171398575165, 13.006832657293353, 16.541597799652262, 12.2057051447124, 13.712653631961508, 67.01666252244769, 17.239297324574913, 19.135171624461847, 15.167887455552174, 15.45563288931916, 18.10814387179496, 17.1166237581742, 21.095183238053615, 17.54181358120273, 18.106299768315893, 14.382697601289886, 12.001515522396394, 18.392435271292086, 16.64276352243366, 24.57359967048308, 67.02499533756047, 12.79280969394689, 18.223926908695383, 12.206736328324542, 18.306338845214725, 23.570402577301927, 14.358893601868717, 20.104701938698856, 21.605328242393405, 17.050110128001112, 25.01338525908495, 20.071336887944423, 13.564781518187774, 13.657028884752421, 14.670093155030608, 67.01666252244769, 18.78881031079924, 14.953031501093099, 14.411745400324385, 18.68396194557404, 19.843891612131277, 12.79209714338553, 10.672719296314703, 20.112682422268204, 11.743363359870013, 18.494074583812083, 10.78542488074928, 18.22453009128631, 15.28921059469804, 15.938171251652994, 67.01249650338767, 12.425510583078355, 19.103630677670814, 17.976704539518632, 15.635873499071366, 22.79058673530078, 17.34679940655874, 19.169517837169042, 19.044562694134427, 18.068590213644423, 19.82440337065008, 26.364484821844083, 14.700448858202641, 20.331881368661143, 23.617771105776058, 67.80121156579895, 17.46700599704691, 22.188902829141778, 14.058675493502825, 15.650555395433827, 18.357329559702464, 17.786984612024497, 14.906351552862535, 9.830717118482198, 13.370515474167904, 27.28818471569989, 13.71100398671462, 19.428014670617493, 18.46809612599782, 16.867573658611995, 67.01666252244769, 18.94465029374728, 15.347569318283025, 20.700240867286308, 13.373151179030454, 11.165318819196543, 13.523365567374174, 18.218313364606324, 15.353603471060923, 15.466202547461345, 12.961934120613298, 13.103100276111439, 29.05826983352725, 15.148916997431972, 17.04893282588407, 67.02499533756047, 13.50585325804522, 19.461828965974274, 14.136324524806142, 15.576348474040877, 11.88213249133906, 13.926894995967027, 22.930906498535975, 12.647094853275979, 10.637521712197557, 16.482896929304335, 11.979270163389113, 18.469536386233756, 11.657380170342407, 11.808453717277402, 67.01666252244769, 14.682662733347582, 9.934038161057595, 13.614841495300665, 12.997693626247818, 19.381338739490445, 15.874510961071769, 12.622522188365028, 11.821477383668284, 11.668840368231898, 28.117325429381168, 16.220250721071555, 16.306699364797883, 15.81500355280212, 13.593830549411846, 67.01249650338767, 10.94323289134142, 16.796641940614045, 18.45577622106104, 22.708230795157974, 24.176453196896095, 20.93647263616281, 21.60134822821421, 16.437899417814418, 15.113881292287807, 11.912552636846662, 14.924553033600983, 16.45266248956406, 19.261279474191912, 12.18740650105625, 67.00999701626124, 9.454718695709149, 11.73365734971679, 9.733046545114878, 12.152123933770923, 10.689063748253794, 15.636722779434951, 14.959447018262171, 11.347063901407129, 20.215547626493535, 15.759065543680213, 15.708730356759494, 24.736769686704307, 18.881500363043926, 12.905814420547713, 67.01249650338767, 18.651100022582664, 16.659629940167083, 14.981889499218696, 25.149787299207457, 19.282352745844477, 16.169006663659015, 12.17331934791171, 19.894096304398197, 14.876410191578337, 14.811346729173525, 13.383910852512493, 12.575951517980789, 18.277385467429173, 22.082550267738466, 67.01666252244769, 11.616871052555584, 14.610370203182068, 15.285435826544784, 18.256308969710727, 16.093173148365736, 21.56723729334338, 20.697089027166985, 12.351447261693389, 11.332705769089792, 12.384132285028084, 25.077327160407535, 14.557319621994106, 13.714761600955823, 21.13089509845345]
E[shakespeare] = 19.807872580571104

